2900 2 1
4120 2 1
5425 2 1
7219 2 1
8411 2 2
8811 2 3
11609 2 1
12690 2 1
14859 2 1
15529 2 1
16010 2 1
16320 2 1
16801 2 1
17612 2 2
18230 2 3
18429 2 2
18887 2 3
21139 2 1
21660 2 1
25161 2 2
25590 2 3
26600 2 1
26998 2 1
27369 2 1
27915 2 1
30580 2 1
31433 2 1
32269 2 1
33271 2 1
34140 2 1
34350 2 1
36500 2 1
37479 2 1
37640 2 1
39241 2 1
40039 2 1
40413 2 1
41080 2 1
41688 2 1
42050 2 1
43140 2 1
43550 2 1
45002 2 1
45512 2 1
46128 2 1
46499 2 1
48368 2 1
48698 2 2
49133 2 3
49460 2 1
49880 2 1
50153 2 1
50739 2 1
51632 2 1
51950 2 2
52380 2 3
54010 2 1
54290 2 1
54489 2 1
55320 2 2
55630 2 3
55729 2 1
56139 2 1
56429 2 1
56920 2 1
57500 2 1
58500 2 1
58799 2 1
59284 2 1
60020 2 1
62191 2 2
62854 2 3
62957 2 1
63782 2 1
64710 2 1
65460 2 1
65930 2 1
67193 2 1
68530 2 1
69110 2 1
1445 3 1
2772 3 1
3436 3 1
4160 3 1
5809 3 1
6903 3 1
7630 3 2
8008 3 3
8739 3 1
11034 3 1
13180 3 1
14553 3 1
15080 3 1
15630 3 1
18910 3 2
19879 3 3
20478 3 2
20980 3 3
21201 3 1
21949 3 1
22458 3 1
24530 3 2
25070 3 3
25749 3 1
26409 3 1
26742 3 1
27119 3 1
27762 3 1
28531 3 1
29190 3 2
29853 3 3
32120 3 1
32353 3 1
32710 3 2
33030 3 3
33140 3 1
33400 3 1
33740 3 1
34570 3 2
35361 3 3
35690 3 1
37640 3 2
38890 3 3
39800 3 1
40230 3 1
40779 3 1
42809 3 1
43269 3 1
43676 3 1
44659 3 1
45380 3 1
46859 3 1
47819 3 1
48539 3 1
49338 3 1
50590 3 1
51300 3 1
51786 3 1
52420 3 2
52869 3 3
53010 3 1
54794 3 2
55210 3 3
56070 3 1
56834 3 1
57659 3 1
58031 3 1
58340 3 1
58679 3 1
58989 3 1
59470 3 2
59850 3 3
60080 3 1
60480 3 1
60740 3 1
61940 3 1
63240 3 1
65709 3 1
66339 3 2
66679 3 3
66799 3 1
67570 3 1
67880 3 1
68311 3 1
69076 3 1
