2632 0 1
2972 0 1
3682 0 1
4002 0 1
4010 0 1
4302 0 1
5073 0 1
5420 0 1
6334 0 2
6695 0 2
7813 0 3
7992 0 1
8175 0 3
8202 0 2
8584 0 2
8833 0 3
9111 0 3
9912 0 1
10542 0 1
11288 0 1
11762 0 1
14222 0 1
16142 0 1
17891 0 1
19612 0 1
21637 0 2
25243 0 3
26331 0 2
27196 0 3
29312 0 1
33214 0 2
33731 0 3
34202 0 2
35841 0 3
38132 0 1
46493 0 1
47102 0 1
47412 0 1
47851 0 1
49242 0 1
50361 0 1
50731 0 2
51302 0 3
53282 0 2
53792 0 3
55483 0 1
58683 0 1
68002 0 2
68461 0 3
76022 0 1
76931 0 1
77282 0 1
85042 0 2
87377 0 3
87530 0 1
89382 0 2
89932 0 3
90761 0 2
91251 0 3
92802 0 1
93751 0 2
94802 0 3
95092 0 2
95742 0 3
100662 0 1
101572 0 1
103012 0 2
104105 0 3
105482 0 2
106022 0 3
108092 0 1
109381 0 1
110381 0 2
110871 0 3
110971 0 2
111532 0 3
114592 0 1
115292 0 1
116362 0 1
118285 0 2
118945 0 3
119582 0 2
120172 0 3
120941 0 1
121422 0 1
122191 0 1
125272 0 1
126212 0 1
131211 0 1
132072 0 2
132512 0 3
132632 0 2
133181 0 3
134921 0 1
136652 0 1
137892 0 1
139121 0 1
141862 0 1
145442 0 2
146451 0 3
146537 0 2
147251 0 3
159134 0 2
159882 0 3
160172 0 1
162511 0 2
162992 0 3
165082 0 1
165714 0 1
167498 0 2
168059 0 3
169262 0 1
170660 0 1
171092 0 1
171579 0 1
174971 0 2
176066 0 3
179081 0 2
180581 0 3
180661 0 2
181851 0 3
182442 0 1
184125 0 1
184890 0 1
186063 0 1
190071 0 1
191162 0 1
195812 0 1
206412 0 2
207441 0 3
209482 0 2
210186 0 3
1852 1 2
2208 1 2
2332 1 3
2716 1 3
3392 1 1
3762 1 1
4472 1 1
4822 1 1
4956 1 1
5273 1 1
5281 1 1
5582 1 1
7842 1 1
8069 1 1
8202 1 1
8232 1 1
8411 1 1
11152 1 1
12072 1 2
12531 1 3
12681 1 1
13531 1 1
14532 1 1
15952 1 1
16361 1 1
17010 1 1
18222 1 2
19172 1 3
19446 1 1
19752 1 1
25342 1 2
26082 1 3
28675 1 1
29561 1 2
30822 1 3
36402 1 1
43568 1 1
46985 1 1
47570 1 1
48670 1 1
49862 1 1
51422 1 1
53122 1 1
54351 1 2
54737 1 3
54822 1 1
55402 1 1
56133 1 2
56681 1 3
58773 1 1
61741 1 1
63122 1 1
65922 1 1
70322 1 2
71532 1 3
73742 1 1
74626 1 1
75402 1 1
76631 1 1
77892 1 1
87811 1 2
88122 1 3
88345 1 1
91872 1 1
94772 1 1
96522 1 1
97121 1 1
102331 1 1
106002 1 2
107165 1 3
108286 1 1
109781 1 2
110240 1 3
112368 1 1
113440 1 2
113845 1 3
113922 1 1
114182 1 1
114491 1 1
116498 1 1
117581 1 1
123382 1 1
127331 1 1
129331 1 1
130064 1 1
132482 1 1
134301 1 1
135121 1 2
135521 1 3
137441 1 1
140652 1 1
141541 1 1
142131 1 2
144622 1 3
144713 1 1
149292 1 2
156402 1 3
156692 1 1
161429 1 2
161990 1 3
162942 1 1
166652 1 1
169601 1 2
169972 1 3
170048 1 2
170571 1 3
172040 1 2
172462 1 3
173720 1 2
174281 1 3
176141 1 2
176782 1 3
185093 1 2
185882 1 3
194332 1 2
194835 1 3
199102 1 2
199702 1 3
200501 1 1
204014 1 2
204474 1 3
205460 1 2
205981 1 3
208942 1 2
209421 1 3
210338 1 1
2471 2 1
2802 2 1
4552 2 1
4892 2 1
5551 2 1
5902 2 1
8892 2 1
9261 2 1
10265 2 1
10851 2 1
13324 2 1
13602 2 1
14762 2 1
15772 2 1
16002 2 1
27792 2 1
30972 2 2
32892 2 3
36742 2 2
37672 2 3
48531 2 1
50632 2 1
53772 2 1
54962 2 2
55421 2 3
59785 2 2
60162 2 3
60372 2 1
61162 2 1
62003 2 2
62744 2 3
63355 2 1
64962 2 2
65513 2 3
66222 2 2
67232 2 3
67342 2 2
67894 2 3
68531 2 2
69121 2 3
71572 2 2
72743 2 3
74243 2 1
74831 2 1
76513 2 1
77192 2 1
78554 2 2
80141 2 3
80322 2 2
85082 2 3
92172 2 1
96812 2 1
97602 2 2
98313 2 3
100822 2 1
102041 2 1
104231 2 2
104722 2 3
105191 2 1
107432 2 2
107827 2 3
112142 2 1
112826 2 2
113352 2 3
114022 2 1
114321 2 1
114815 2 1
115482 2 2
115835 2 3
116021 2 1
117313 2 1
121241 2 1
122371 2 2
122802 2 3
124661 2 1
125727 2 2
126172 2 3
126762 2 1
128636 2 1
131848 2 1
133561 2 1
135551 2 2
136041 2 3
138502 2 1
157231 2 2
157670 2 3
160442 2 2
160972 2 3
161123 2 1
162021 2 1
165421 2 1
166030 2 1
168932 2 1
170940 2 1
171890 2 1
172522 2 2
173580 2 3
174383 2 1
177192 2 1
181852 2 2
182323 2 3
186782 2 2
187747 2 3
187971 2 2
189092 2 3
190312 2 1
193357 2 2
193918 2 3
194962 2 1
198508 2 2
198892 2 3
199762 2 2
200362 2 3
200751 2 2
203097 2 3
203199 2 2
203891 2 3
207534 2 2
208733 2 3
210961 2 2
211919 2 3
2815 3 1
3176 3 1
3792 3 1
4145 3 1
5841 3 1
6202 3 1
10062 3 1
11001 3 1
11502 3 1
12541 3 1
13051 3 1
15122 3 2
15572 3 3
16761 3 1
19201 3 1
27361 3 2
27743 3 3
36031 3 2
36452 3 3
38723 3 1
44502 3 2
45814 3 3
45890 3 2
46527 3 3
47272 3 1
48121 3 1
50556 3 1
51912 3 2
52302 3 3
52402 3 2
52921 3 3
56811 3 2
57242 3 3
57312 3 2
57911 3 3
58051 3 2
58692 3 3
59142 3 1
61928 3 1
62794 3 1
64551 3 2
64937 3 3
65753 3 1
69629 3 2
70342 3 3
73252 3 2
73772 3 3
74072 3 1
91311 3 2
91814 3 3
93172 3 2
93712 3 3
96200 3 2
96592 3 3
97423 3 1
98394 3 2
99781 3 3
99881 3 2
100561 3 3
101112 3 1
101721 3 1
102729 3 1
107216 3 1
111561 3 2
112061 3 3
112520 3 1
115835 3 1
117130 3 1
117881 3 1
119132 3 1
120425 3 2
120941 3 3
121562 3 2
121955 3 3
122062 3 1
124101 3 2
124555 3 3
126682 3 1
128023 3 2
128562 3 3
129611 3 1
130222 3 2
130551 3 3
130683 3 2
131202 3 3
133260 3 1
136522 3 1
137154 3 1
140366 3 1
140950 3 1
144991 3 1
147231 3 2
149352 3 3
156484 3 1
158063 3 2
158892 3 3
163911 3 2
164695 3 3
167346 3 1
168824 3 1
171273 3 1
177062 3 1
177342 3 2
178242 3 3
178382 3 1
183832 3 1
184441 3 2
184851 3 3
186181 3 2
186742 3 3
189842 3 1
191012 3 1
191315 3 2
192772 3 3
193112 3 1
210212 3 1
