3302 0 1
8027 0 1
12771 0 1
17482 0 1
21052 0 1
22311 0 1
22531 0 1
23432 0 1
23762 0 1
24661 0 1
24960 0 1
25801 0 1
27312 0 1
27917 0 1
30621 0 1
31793 0 1
32412 0 1
32992 0 1
33591 0 1
34091 0 1
34701 0 1
35362 0 1
37098 0 1
39035 0 1
39522 0 1
43013 0 1
44042 0 1
45462 0 1
46490 0 1
47705 0 1
48852 0 1
49851 0 1
51852 0 1
56018 0 1
57202 0 1
57803 0 1
58382 0 1
60762 0 1
61883 0 1
63112 0 1
64279 0 1
65412 0 1
66602 0 1
67850 0 1
69023 0 1
75522 0 1
75806 0 1
77029 0 1
77152 0 1
77591 0 1
77711 0 1
79020 0 1
79988 0 1
81773 0 1
82742 0 1
83210 0 1
84322 0 1
84542 0 1
86112 0 1
86731 0 1
88560 0 1
89524 0 1
91171 0 1
92202 0 1
92562 0 1
93782 0 1
94072 0 1
95652 0 1
96221 0 1
96821 0 1
97101 0 1
98041 0 1
100112 0 1
101510 0 1
101680 0 1
103652 0 1
106305 0 1
106559 0 1
108293 0 1
109831 0 1
110231 0 1
112142 0 1
113954 0 1
115024 0 1
116831 0 1
119212 0 1
121553 0 1
124000 0 1
127522 0 1
131002 0 1
132569 0 1
134864 0 1
5682 1 1
10431 1 1
13291 1 1
16401 1 1
18074 1 1
28531 1 1
29171 1 1
30942 1 1
35982 1 1
36587 1 1
37709 1 1
38281 1 1
39290 1 1
39801 1 1
40107 1 1
40974 1 1
41788 1 1
45681 1 1
50612 1 1
50816 1 1
53011 1 1
54251 1 1
54601 1 1
55457 1 1
58082 1 1
58721 1 1
59311 1 1
59461 1 1
60098 1 1
60410 1 1
62502 1 1
62750 1 1
63720 1 1
66042 1 1
66281 1 1
67262 1 1
67511 1 1
68463 1 1
68615 1 1
70681 1 1
73072 1 1
74251 1 1
74861 1 1
76112 1 1
76418 1 1
79374 1 1
80822 1 1
82385 1 1
83507 1 1
84884 1 1
85190 1 1
87301 1 1
88862 1 1
90290 1 1
91819 1 1
92993 1 1
94422 1 1
94692 1 1
97431 1 1
97712 1 1
98911 1 1
100847 1 1
101000 1 1
102302 1 1
102479 1 1
105051 1 1
106881 1 1
107171 1 1
110042 1 1
113241 1 1
114631 1 1
115463 1 1
115739 1 1
123151 1 1
124540 1 1
128389 1 1
129890 1 1
133441 1 1
135452 1 1
6881 2 1
13944 2 1
15728 2 1
18692 2 1
20491 2 1
22971 2 1
23152 2 1
24093 2 1
24351 2 1
25240 2 1
25471 2 1
29671 2 1
30291 2 1
31202 2 1
32660 2 1
33791 2 1
35011 2 1
36151 2 1
36311 2 1
36441 2 1
36821 2 1
37371 2 1
37964 2 1
38603 2 1
39212 2 1
39801 2 1
40372 2 1
42461 2 1
45920 2 1
47042 2 1
48317 2 1
49441 2 1
50306 2 1
55161 2 1
56579 2 1
58082 2 1
58721 2 1
61331 2 1
61576 2 1
62502 2 1
62750 2 1
63720 2 1
64944 2 1
65122 2 1
67263 2 1
67512 2 1
68463 2 1
68615 2 1
69592 2 1
74252 2 1
74862 2 1
75523 2 1
75806 2 1
76681 2 1
76792 2 1
77336 2 1
77442 2 1
77871 2 1
79631 2 1
79751 2 1
81442 2 1
82550 2 1
82894 2 1
83972 2 1
85547 2 1
87026 2 1
89141 2 1
89291 2 1
90872 2 1
92075 2 1
92351 2 1
93503 2 1
95042 2 1
96482 2 1
99827 2 1
100643 2 1
102691 2 1
104732 2 1
106881 2 1
107171 2 1
109492 2 1
111022 2 1
113161 2 1
113251 2 1
115024 2 1
117983 2 1
122828 2 1
126296 2 1
127832 2 1
129310 2 1
132232 2 1
134302 2 1
4512 3 1
9200 3 1
11551 3 1
15172 3 1
19881 3 1
21712 3 1
26999 3 1
27581 3 1
28251 3 1
28811 3 1
29420 3 1
30012 3 1
32112 3 1
33272 3 1
34412 3 1
36587 3 1
37709 3 1
38272 3 1
38902 3 1
39522 3 1
41290 3 1
43625 3 1
44752 3 1
45082 3 1
50111 3 1
51378 3 1
52448 3 1
53600 3 1
54901 3 1
55457 3 1
57803 3 1
58382 3 1
59032 3 1
59180 3 1
60762 3 1
61883 3 1
63112 3 1
64279 3 1
65412 3 1
66603 3 1
67851 3 1
69023 3 1
71828 3 1
74585 3 1
75161 3 1
76112 3 1
76418 3 1
80222 3 1
80462 3 1
82079 3 1
82192 3 1
83731 3 1
86442 3 1
87842 3 1
89731 3 1
89951 3 1
91513 3 1
91640 3 1
93248 3 1
95912 3 1
96822 3 1
97102 3 1
97431 3 1
97713 3 1
100439 3 1
101181 3 1
104422 3 1
106305 3 1
106559 3 1
107432 3 1
109212 3 1
110690 3 1
112142 3 1
114442 3 1
114668 3 1
115463 3 1
115739 3 1
120351 3 1
123661 3 1
125142 3 1
128711 3 1
133151 3 1
134048 3 1
