2135 0 1
3582 0 1
5361 0 1
7481 0 1
8856 0 1
10622 0 1
12032 0 1
13297 0 1
14868 0 1
16606 0 1
18371 0 1
18908 0 1
20492 0 1
22609 0 1
23339 0 1
24717 0 1
25472 0 1
29003 0 1
29676 0 1
30755 0 1
31464 0 1
33580 0 1
34246 0 1
35000 0 1
36008 0 1
38159 0 1
38496 0 1
40981 0 1
41333 0 1
42061 0 1
42897 0 1
43836 0 1
47319 0 2
47597 0 3
50159 0 2
50590 0 3
52294 0 2
52712 0 3
53357 0 2
53765 0 3
55074 0 2
55485 0 3
56159 0 2
58773 0 3
59329 0 1
60708 0 1
62113 0 1
62869 0 1
65324 0 1
66381 0 1
68482 0 1
69910 0 1
70966 0 1
72018 0 1
73432 0 1
75542 0 1
78714 0 1
80502 0 1
83349 0 2
83560 0 3
84351 0 2
86108 0 3
87924 0 1
89166 0 2
89375 0 3
93223 0 1
94926 0 1
96409 0 1
98166 0 1
99564 0 1
101377 0 1
103108 0 2
103852 0 3
104190 0 1
105555 0 1
107002 0 1
108363 0 1
109771 0 1
111223 0 1
112254 0 1
113675 0 1
114755 0 1
115797 0 1
117560 0 1
118282 0 1
119147 0 1
119851 0 1
121093 0 1
122212 0 2
125007 0 3
126059 0 2
126683 0 3
127089 0 2
127295 0 3
128496 0 2
129223 0 3
130263 0 1
132363 0 1
134177 0 2
134880 0 3
135595 0 1
136099 0 1
137079 0 1
137705 0 1
138402 0 1
140503 0 1
141224 0 1
143828 0 1
144715 0 1
145583 0 1
146141 0 1
146942 0 1
147722 0 1
148525 0 1
148984 0 1
149650 0 1
151112 0 1
152161 0 2
152561 0 3
153084 0 1
153885 0 1
154612 0 2
155044 0 3
156022 0 1
157109 0 2
157793 0 3
158342 0 1
159402 0 1
160267 0 2
160478 0 3
161333 0 1
162343 0 1
163141 0 1
164160 0 1
165135 0 1
165560 0 1
166277 0 1
167328 0 1
168404 0 1
169771 0 2
170481 0 3
170856 0 2
171633 0 3
173699 0 2
174162 0 3
175457 0 2
176113 0 3
177227 0 2
177899 0 3
178983 0 2
179695 0 3
181077 0 2
181784 0 3
182168 0 2
182815 0 3
182883 0 1
183943 0 1
185683 0 1
187435 0 1
188835 0 1
190606 0 1
192403 0 1
193780 0 1
194863 0 1
196232 0 1
197658 0 1
199072 0 1
201233 0 1
202970 0 1
204739 0 1
207962 0 2
208205 0 3
210766 0 2
211173 0 3
212328 0 2
213553 0 3
213863 0 2
214140 0 3
214968 0 1
216034 0 1
216726 0 1
218885 0 1
220273 0 1
221677 0 1
222737 0 1
224505 0 1
226272 0 1
226988 0 2
227537 0 3
227844 0 1
228755 0 1
230520 0 1
231376 0 1
232217 0 1
233293 0 1
234394 0 1
235434 0 2
235699 0 3
236150 0 1
237904 0 1
239028 0 2
239457 0 3
239699 0 1
240751 0 1
241813 0 1
242852 0 1
243896 0 1
244973 0 1
246039 0 1
246764 0 1
247458 0 1
248500 0 1
249546 0 1
250279 0 1
250972 0 1
251671 0 1
252741 0 1
253790 0 1
254503 0 1
255603 0 1
256287 0 1
257013 0 1
258048 0 1
259089 0 1
259643 0 1
260481 0 2
261746 0 3
262273 0 1
263339 0 1
264379 0 1
265462 0 1
266492 0 1
267228 0 1
268276 0 1
269342 0 1
270022 0 1
271447 0 1
272120 0 1
272839 0 1
273215 0 1
274262 0 1
274974 0 1
275345 0 1
276407 0 1
277807 0 1
278126 0 1
280623 0 1
280974 0 1
284480 0 1
285206 0 1
288734 0 1
289450 0 1
290137 0 1
290837 0 1
292953 0 1
293664 0 1
295805 0 1
296497 0 1
298630 0 1
299329 0 1
302837 0 1
303577 0 1
304630 0 1
305321 0 1
307461 0 1
309218 0 1
310613 0 1
312364 0 1
313466 0 1
315226 0 2
315705 0 3
316986 0 1
318233 0 1
319789 0 1
320878 0 2
321278 0 3
322297 0 1
323639 0 1
324358 0 1
325377 0 1
326510 0 2
326955 0 3
327912 0 1
2135 1 1
3212 1 1
4266 1 1
6042 1 1
7109 1 1
7789 1 1
9203 1 1
10282 1 2
10656 1 3
11344 1 1
12728 1 1
13810 1 1
15205 1 1
16255 1 1
17677 1 1
18776 1 1
19793 1 1
20874 1 1
22303 1 1
24037 1 2
24731 1 3
26182 1 1
26854 1 1
27935 1 1
28633 1 1
32098 1 1
32840 1 1
34661 1 1
35372 1 1
35877 1 1
36741 1 1
37091 1 1
39541 1 1
39911 1 1
42226 1 1
42763 1 1
43301 1 1
43991 1 1
44515 1 2
47355 1 3
50874 1 2
51337 1 3
51933 1 2
52339 1 3
54060 1 2
54623 1 3
55451 1 2
55882 1 3
56500 1 2
56998 1 3
58295 1 2
58773 1 3
58979 1 1
60008 1 1
61447 1 1
63226 1 1
64240 1 1
65674 1 1
67419 1 1
68145 1 1
69212 1 1
70630 1 1
73050 1 1
74085 1 1
74858 1 1
75883 1 1
76949 1 1
78039 1 1
79419 1 1
81209 1 1
83515 1 2
83783 1 3
84218 1 1
86844 1 2
87959 1 3
89320 1 2
89540 1 3
92136 1 2
92634 1 3
92886 1 1
94239 1 1
96007 1 1
97426 1 1
98837 1 1
99916 1 1
100974 1 1
102364 1 1
103484 1 2
103852 1 3
104845 1 1
106254 1 2
106708 1 3
107643 1 1
109040 1 1
110449 1 1
111540 1 1
112966 1 1
114023 1 2
114419 1 3
114909 1 1
116498 1 1
116838 1 1
118435 1 1
118994 1 1
119686 1 1
120410 1 1
121433 1 1
122843 1 1
123569 1 2
125007 1 3
125127 1 2
125665 1 3
126369 1 2
127057 1 3
127428 1 1
129543 1 1
130944 1 1
132019 1 2
132529 1 3
133436 1 1
135234 1 1
136562 1 1
137574 1 1
139112 1 1
139794 1 1
141893 1 1
142648 1 1
143675 1 1
144899 1 1
145451 1 1
146141 1 1
147161 1 1
147930 1 2
148360 1 3
148984 1 2
149673 1 3
150392 1 1
151420 1 2
151942 1 3
152492 1 1
153885 1 1
154997 1 2
155508 1 3
156759 1 1
157793 1 1
158866 1 1
159984 1 2
160301 1 3
160895 1 1
161709 1 1
162750 1 1
163722 1 1
164532 1 1
165560 1 1
166581 1 1
166999 1 1
167985 1 1
168788 1 2
169275 1 3
169474 1 2
169794 1 3
170536 1 2
170890 1 3
171564 1 2
173240 1 3
174061 1 2
174568 1 3
175128 1 2
175504 1 3
176497 1 2
177227 1 3
177932 1 2
178616 1 3
179682 1 2
180439 1 3
180768 1 2
181111 1 3
182869 1 1
184293 1 1
185313 1 1
186724 1 1
188127 1 1
189570 1 1
190923 1 1
192008 1 1
193037 1 1
194491 1 1
195511 1 1
196560 1 1
197989 1 1
198710 1 1
200126 1 1
201551 1 1
202631 1 1
204028 1 1
205122 1 2
205614 1 3
207573 1 2
207808 1 3
208479 1 1
211139 1 2
212229 1 3
213741 1 2
215849 1 3
217123 1 1
218491 1 1
219913 1 1
220987 1 1
222323 1 1
223442 1 1
224826 1 1
225900 1 1
227702 1 1
229083 1 1
230848 1 1
231553 1 1
232064 1 1
232831 1 1
233172 1 1
234028 1 1
235079 1 2
237927 1 3
238453 1 1
239324 1 1
240037 1 1
241110 1 1
241813 1 1
242503 1 1
243569 1 1
244578 1 1
245666 1 1
246764 1 1
247798 1 1
248870 1 1
249546 1 1
250433 1 1
250994 1 1
252037 1 1
253100 1 1
254154 1 1
255201 1 1
256287 1 1
257355 1 2
257821 1 3
258048 1 1
259067 1 1
259776 1 1
260327 1 1
261910 1 1
262624 1 1
263677 1 1
264763 1 1
265780 1 1
266492 1 1
267587 1 1
268650 1 1
269342 1 1
270385 1 1
271097 1 1
272120 1 1
272839 1 1
273545 1 1
273923 1 1
274974 1 1
277085 1 1
277458 1 1
278464 1 1
279232 1 1
279585 1 1
280623 1 1
281313 1 1
283096 1 2
284495 1 3
285908 1 1
286598 1 1
287664 1 1
288373 1 1
291551 1 1
292243 1 1
294374 1 1
295082 1 1
296178 1 1
296815 1 1
300043 1 1
300707 1 1
301449 1 1
302145 1 1
306021 1 1
306768 1 1
307787 1 1
308846 1 1
310273 1 1
311663 1 1
312222 1 1
313794 1 1
314856 1 1
315911 1 1
317697 1 1
318760 1 1
320508 1 1
321550 1 1
322603 1 1
323318 1 1
323817 1 1
324684 1 1
325795 1 1
326788 1 1
327558 1 1
2494 2 1
3908 2 1
4639 2 2
5012 2 3
5735 2 1
6730 2 1
7657 2 1
8147 2 1
9541 2 1
11005 2 1
12404 2 1
14181 2 1
15916 2 2
16310 2 3
17001 2 1
18046 2 1
18622 2 1
19432 2 1
21190 2 1
21898 2 1
23339 2 2
24753 2 3
25122 2 1
25833 2 1
27566 2 1
28282 2 1
30383 2 1
31073 2 1
35185 2 1
35690 2 1
37451 2 1
37789 2 1
38856 2 1
39192 2 1
41896 2 1
42412 2 1
43103 2 1
43617 2 1
44319 2 1
47319 2 2
50205 2 3
50567 2 2
50962 2 3
51578 2 2
52033 2 3
52644 2 2
52987 2 3
53719 2 2
54149 2 3
54721 2 2
55197 2 3
55804 2 2
56227 2 3
57208 2 2
57614 2 3
57920 2 2
58363 2 3
58649 2 1
59691 2 1
61110 2 1
62517 2 1
63883 2 1
64610 2 1
66750 2 1
67779 2 1
68874 2 1
69910 2 1
71678 2 1
72378 2 1
74474 2 1
76578 2 1
77656 2 1
78355 2 1
79824 2 1
81209 2 2
83167 2 3
83692 2 1
86480 2 2
86923 2 3
88113 2 2
89188 2 3
92511 2 1
93575 2 1
94623 2 1
95648 2 1
96761 2 1
97764 2 1
99195 2 1
100255 2 1
101992 2 1
102759 2 2
103130 2 3
103794 2 1
104496 2 1
105905 2 1
106596 2 1
107993 2 1
111914 2 2
112277 2 3
113294 2 1
114384 2 1
115053 2 1
115416 2 1
117221 2 1
118116 2 1
118621 2 1
119522 2 1
120070 2 1
120575 2 1
121805 2 1
122521 2 1
124950 2 1
125533 2 1
126404 2 1
127798 2 1
129223 2 2
129732 2 3
130655 2 1
131654 2 2
132054 2 3
132768 2 1
133807 2 1
134858 2 2
135309 2 3
135934 2 1
136803 2 2
137113 2 3
137705 2 1
139452 2 1
140143 2 1
143306 2 1
144376 2 1
145265 2 1
145823 2 1
146470 2 1
147568 2 1
148863 2 1
149359 2 2
149673 2 3
151112 2 2
151821 2 3
152492 2 1
153610 2 1
154206 2 1
155339 2 1
156420 2 1
157421 2 1
158516 2 1
159742 2 1
160576 2 2
160883 2 3
161136 2 1
162037 2 1
162750 2 1
163448 2 1
164160 2 1
165408 2 1
165933 2 2
166332 2 3
166823 2 1
167702 2 1
168404 2 1
169116 2 2
169563 2 3
170180 2 2
170492 2 3
171351 2 2
171876 2 3
173326 2 2
173854 2 3
174413 2 2
174745 2 3
175846 2 2
176172 2 3
176882 2 2
177282 2 3
178285 2 2
178651 2 3
179359 2 2
179695 2 3
180404 2 2
180803 2 3
181484 2 2
181784 2 3
182567 2 2
182994 2 3
183209 2 1
184961 2 1
186059 2 1
187074 2 1
188485 2 1
189200 2 1
190213 2 1
191330 2 1
193450 2 1
194152 2 1
195905 2 1
196948 2 1
198361 2 1
199763 2 1
200503 2 1
202206 2 1
203343 2 1
204387 2 1
205455 2 1
207772 2 2
207974 2 3
208615 2 2
210221 2 3
212174 2 1
213531 2 2
213863 2 3
214626 2 1
215694 2 1
216414 2 2
216871 2 3
217464 2 1
218143 2 1
219203 2 1
220613 2 1
222007 2 1
223089 2 1
224141 2 1
225230 2 1
226781 2 1
227326 2 1
228041 2 1
228383 2 1
230149 2 1
231057 2 1
231874 2 1
232457 2 1
232984 2 1
233721 2 2
235457 2 3
235820 2 1
237881 2 1
238643 2 2
239072 2 3
239699 2 1
240410 2 1
241450 2 1
242503 2 1
243213 2 1
244260 2 1
245326 2 1
246039 2 1
247103 2 1
248157 2 1
249209 2 1
249920 2 1
250631 2 1
251671 2 1
252410 2 1
253100 2 1
253790 2 1
254874 2 1
255922 2 1
256650 2 1
257663 2 1
258780 2 2
259156 2 3
259310 2 1
260139 2 1
261910 2 1
262987 2 1
263677 2 1
264379 2 1
265103 2 1
265780 2 1
266876 2 1
267968 2 1
268970 2 1
270022 2 1
270757 2 1
271827 2 2
273271 2 3
274262 2 1
274635 2 1
275715 2 1
276407 2 1
276745 2 1
278464 2 1
278892 2 1
279944 2 1
281313 2 1
281689 2 2
284480 2 3
284835 2 1
285577 2 1
287311 2 1
288023 2 1
290498 2 1
291210 2 1
293303 2 1
294014 2 1
294747 2 1
295443 2 1
297538 2 1
298249 2 1
300389 2 1
301065 2 1
303207 2 1
303916 2 1
305693 2 1
306373 2 1
307055 2 1
308477 2 1
309578 2 2
309954 2 3
310984 2 1
312013 2 1
312585 2 1
313078 2 1
314154 2 1
315535 2 1
316624 2 1
317864 2 1
319122 2 1
320158 2 1
321923 2 1
322944 2 1
323505 2 1
323972 2 1
325058 2 1
326101 2 1
327140 2 1
328219 2 1
2842 3 1
4989 3 1
6411 3 1
7284 3 1
8462 3 1
9891 3 1
11682 3 1
13484 3 1
14498 3 1
15558 3 1
17326 3 1
19073 3 1
20122 3 1
21570 3 2
21954 3 3
22978 3 1
24717 3 1
26491 3 1
27194 3 1
29351 3 1
30044 3 1
31781 3 1
32489 3 1
33233 3 1
33928 3 1
34847 3 1
35525 3 1
36118 3 1
36392 3 1
40281 3 1
40641 3 1
41709 3 1
42562 3 1
43465 3 1
44165 3 1
45903 3 2
47333 3 3
51247 3 2
51591 3 3
52953 3 2
53425 3 3
54422 3 2
54744 3 3
56929 3 2
57254 3 3
57580 3 2
57933 3 3
58636 3 1
60382 3 1
61776 3 1
63533 3 1
64927 3 1
66032 3 1
67091 3 1
69562 3 1
70282 3 1
71373 3 1
72737 3 1
73790 3 1
75163 3 1
76241 3 1
77320 3 1
79083 3 1
80162 3 1
80882 3 2
81246 3 3
83828 3 2
84285 3 3
86162 3 2
86503 3 3
89506 3 2
91527 3 3
92511 3 1
93902 3 1
95310 3 1
97088 3 1
98511 3 1
100592 3 1
101696 3 1
103794 3 1
105216 3 1
107328 3 1
108734 3 1
109433 3 1
110144 3 1
110851 3 1
112613 3 1
115053 3 1
116158 3 1
117943 3 1
118786 3 1
119356 3 1
120203 3 1
120762 3 2
122368 3 3
123240 3 1
124950 3 1
125697 3 2
126127 3 3
126749 3 2
127003 3 3
128136 3 1
128913 3 2
129236 3 3
129938 3 1
131368 3 2
132087 3 3
133109 3 1
134570 3 2
134880 3 3
135388 3 1
136309 3 2
136651 3 3
137574 3 1
138099 3 1
138774 3 1
140874 3 1
141583 3 1
142265 3 1
142979 3 1
144072 3 1
144541 3 1
145099 3 1
145976 3 1
146690 3 1
147449 3 1
148303 3 1
149637 3 1
150818 3 1
151766 3 2
152305 3 3
153435 3 1
154392 3 1
155339 3 1
156759 3 2
157455 3 3
157999 3 1
159269 3 1
160301 3 2
160610 3 3
161333 3 1
162593 3 1
164008 3 1
164871 3 1
166999 3 1
168229 3 1
169116 3 1
169794 3 1
170514 3 1
171250 3 2
171788 3 3
172985 3 2
173393 3 3
174709 3 2
175238 3 3
176113 3 2
176618 3 3
177622 3 2
177966 3 3
178616 3 2
179106 3 3
180092 3 2
180427 3 3
181761 3 2
182994 3 3
183581 3 1
184657 3 1
186385 3 1
187821 3 1
189907 3 1
191670 3 1
192742 3 1
194152 3 1
195236 3 1
197286 3 1
199445 3 1
200840 3 1
201923 3 1
203692 3 1
205455 3 2
207463 3 3
208116 3 2
208493 3 3
210361 3 2
210766 3 3
213429 3 1
214328 3 1
215385 3 1
216726 3 1
217785 3 1
219572 3 1
221339 3 1
223835 3 1
225539 3 1
226627 3 1
227503 3 1
228041 3 1
229487 3 1
229798 3 1
231201 3 1
231753 3 1
232612 3 1
233536 3 1
234769 3 1
236537 3 2
237927 3 3
238158 3 2
238543 3 3
239324 3 1
240410 3 1
241110 3 1
242165 3 1
243213 3 1
243896 3 1
244578 3 1
245326 3 1
246390 3 1
247458 3 1
248157 3 1
248870 3 1
250631 3 1
251333 3 1
252410 3 1
253451 3 1
254503 3 1
255213 3 1
255922 3 1
256650 3 1
257663 3 1
258409 3 1
259465 3 1
259985 3 1
261567 3 1
262273 3 1
262987 3 1
264051 3 1
265103 3 1
266143 3 1
267228 3 1
267968 3 1
268650 3 1
269683 3 1
270757 3 1
271447 3 1
273203 3 1
273545 3 1
275715 3 1
276039 3 1
277085 3 1
277807 3 1
279232 3 1
279944 3 1
280261 3 1
284480 3 1
286281 3 1
286971 3 1
289088 3 1
289786 3 1
291905 3 1
292603 3 1
295805 3 1
297221 3 1
297910 3 1
298988 3 1
299703 3 1
301809 3 1
302497 3 1
304289 3 1
304969 3 1
307055 3 1
308192 3 1
309865 3 1
311291 3 1
312739 3 1
314506 3 1
316284 3 1
317284 3 1
318398 3 1
319470 3 1
321243 3 2
329699 3 3
