940 0 1
2144 0 1
3261 0 1
4495 0 1
5556 0 1
6738 0 2
7418 0 3
8307 0 2
9148 0 3
11333 0 1
13625 0 1
14185 0 1
14549 0 1
15929 0 1
17639 0 1
17875 0 1
18208 0 2
18486 0 3
18767 0 1
26936 0 2
27518 0 3
27895 0 1
29614 0 1
30190 0 1
31374 0 1
34211 0 1
35922 0 2
36180 0 3
37004 0 2
37230 0 3
37630 0 1
40531 0 2
41224 0 3
41637 0 1
42203 0 1
42785 0 1
43686 0 2
44056 0 3
46103 0 1
48236 0 1
50376 0 1
51402 0 1
52228 0 1
53976 0 1
57389 0 1
58543 0 1
58665 0 1
58799 0 1
59649 0 1
61025 0 1
61334 0 1
63345 0 1
64515 0 1
66062 0 1
66748 0 1
68733 0 1
69081 0 1
71046 0 1
72545 0 1
72761 0 1
75573 0 1
78028 0 1
81403 0 2
81676 0 3
84436 0 1
89380 0 1
90779 0 1
91091 0 1
91338 0 1
92797 0 1
94311 0 1
94765 0 1
95386 0 1
96131 0 1
97092 0 2
97325 0 3
99405 0 1
101128 0 1
102556 0 1
104535 0 1
106243 0 1
107886 0 1
109625 0 2
110006 0 3
110751 0 1
111921 0 1
112512 0 2
113159 0 3
114191 0 1
114784 0 1
115321 0 1
116494 0 1
117989 0 1
119364 0 1
120525 0 1
121426 0 1
123619 0 1
125646 0 1
127327 0 2
127754 0 3
137901 0 1
138473 0 1
138743 0 1
140197 0 1
141606 0 1
143775 0 2
144235 0 3
146754 0 2
148335 0 3
152377 0 1
153304 0 1
153803 0 1
154203 0 1
155141 0 1
155385 0 1
157531 0 1
161865 0 1
162452 0 1
163322 0 1
164449 0 1
166510 0 1
169313 0 1
171367 0 1
172820 0 1
175086 0 1
175338 0 1
176216 0 1
177385 0 1
177648 0 1
177910 0 1
178764 0 1
180217 0 1
180503 0 1
181617 0 1
182173 0 1
183025 0 2
183278 0 3
184515 0 1
185341 0 2
187645 0 3
192525 0 1
193372 0 2
193775 0 3
194527 0 2
196947 0 3
197922 0 1
198534 0 1
200255 0 2
200597 0 3
200904 0 1
206516 0 1
207137 0 2
207775 0 3
210182 0 2
210489 0 3
212818 0 1
214803 0 1
483 1 1
761 1 1
1608 1 1
2958 1 1
3476 1 1
3986 1 1
4762 1 1
4973 1 1
6512 1 1
7316 1 1
7929 1 1
9425 1 1
9587 1 1
10177 1 1
11899 1 1
12242 1 1
13926 1 1
14773 1 2
15419 1 3
16266 1 1
18610 1 1
19101 1 1
19671 1 1
21656 1 1
22230 1 2
22553 1 3
23042 1 1
23220 1 1
23904 1 1
24237 1 1
25603 1 1
25936 1 1
26648 1 2
26992 1 3
28362 1 1
31065 1 1
31509 1 1
32462 1 2
33223 1 3
34746 1 1
35525 1 2
35735 1 3
36202 1 1
36792 1 1
37352 1 1
37887 1 1
40496 1 1
41067 1 1
41903 1 1
42527 1 1
42941 1 1
43955 1 2
44209 1 3
45012 1 2
45357 1 3
45601 1 2
46034 1 3
48778 1 1
49077 1 1
50500 1 1
51102 1 1
52537 1 1
53643 1 1
54513 1 1
55370 1 1
56243 1 1
56508 1 1
57766 1 1
59098 1 2
59481 1 3
59971 1 1
60647 1 1
61581 1 1
61805 1 1
65306 1 2
65550 1 3
66527 1 1
67272 1 2
67585 1 3
67860 1 2
68151 1 3
68800 1 1
69952 1 2
70196 1 3
70655 1 2
70934 1 3
71344 1 2
71738 1 3
73620 1 1
74211 1 2
74480 1 3
74781 1 2
75028 1 3
75908 1 1
76648 1 2
76870 1 3
77494 1 1
78052 1 1
78637 1 2
78894 1 3
79228 1 2
79509 1 3
80187 1 1
80490 1 1
81932 1 2
82410 1 3
83345 1 1
83904 1 1
85028 1 2
85450 1 3
85950 1 1
86760 1 1
87088 1 1
87932 1 1
88227 1 1
89881 1 1
90139 1 1
91650 1 1
92485 1 1
93623 1 1
96086 1 1
96666 1 1
97922 1 2
98349 1 3
98515 1 1
99091 1 1
99926 1 1
100061 1 1
100791 1 1
101932 1 1
104256 1 1
104648 1 1
105099 1 1
105945 1 1
107365 1 1
108203 1 1
109044 1 2
109382 1 3
110250 1 2
110831 1 3
111363 1 1
112512 1 1
114457 1 1
115107 1 2
115379 1 3
115793 1 1
116808 1 1
117656 1 1
119682 1 1
119938 1 1
120236 1 1
122802 1 1
123071 1 1
123963 1 2
124616 1 3
126171 1 2
126764 1 3
127876 1 1
130189 1 1
133006 1 1
133904 1 1
135317 1 1
136173 1 1
138181 1 1
139214 1 1
139938 1 1
140523 1 1
140802 1 1
142207 1 2
142582 1 3
142804 1 2
143210 1 3
144199 1 1
149326 1 1
150756 1 2
151570 1 3
152524 1 1
153487 1 1
153576 1 1
153734 1 1
154875 1 1
155584 1 1
156011 1 1
158714 1 1
158997 1 1
159242 1 2
159466 1 3
160775 1 1
161331 1 1
162776 1 1
163858 1 1
166221 1 1
166789 1 1
167609 1 1
167888 1 1
168145 1 1
168348 1 1
169626 1 1
170477 1 2
170856 1 3
172494 1 1
173096 1 2
173402 1 3
173602 1 2
173993 1 3
176705 1 1
177023 1 1
178354 1 1
179648 1 1
182516 1 1
183676 1 2
184300 1 3
184799 1 2
185367 1 3
188227 1 1
188784 1 2
189426 1 3
189925 1 2
192283 1 3
192800 1 2
193155 1 3
193937 1 2
194340 1 3
196947 1 1
197470 1 2
197828 1 3
198782 1 1
199072 1 2
200269 1 3
200561 1 2
200881 1 3
201067 1 1
201382 1 1
202248 1 1
203647 1 1
204469 1 1
206184 1 1
206804 1 1
209935 1 1
210182 1 2
210489 1 3
211125 1 1
211691 1 2
212446 1 3
213370 1 1
213992 1 2
214613 1 3
214788 1 1
214987 1 2
216152 1 3
673 2 1
1165 2 1
1721 2 1
2544 2 1
2712 2 1
3048 2 1
3895 2 1
4862 2 1
4986 2 1
5590 2 1
6086 2 2
6357 2 3
9024 2 1
9425 2 1
9833 2 1
10747 2 2
11092 2 3
11333 2 1
12486 2 1
13085 2 2
13547 2 3
13857 2 1
14016 2 1
15695 2 2
15986 2 3
16522 2 1
16765 2 1
17055 2 2
17419 2 3
18520 2 1
18698 2 1
19412 2 1
19946 2 2
20557 2 3
21365 2 1
21967 2 1
23076 2 1
26249 2 1
26470 2 1
27483 2 2
27919 2 3
28825 2 1
29212 2 1
30622 2 1
31962 2 1
32151 2 1
33389 2 1
33577 2 2
34327 2 3
34746 2 1
36325 2 1
36691 2 1
36859 2 1
38732 2 1
39219 2 1
39600 2 1
40186 2 1
41257 2 1
41480 2 1
42527 2 1
42785 2 1
43376 2 2
43754 2 3
44296 2 1
46736 2 1
47101 2 2
47449 2 3
47947 2 1
50243 2 1
50814 2 1
51648 2 1
51784 2 1
53368 2 1
54245 2 2
54513 2 3
54801 2 2
55135 2 3
55675 2 1
55886 2 1
57045 2 1
57977 2 1
58199 2 1
59377 2 1
59662 2 1
60251 2 1
60487 2 1
60814 2 1
61025 2 1
61334 2 1
61683 2 1
62172 2 1
62605 2 1
63345 2 1
63591 2 1
64994 2 2
65329 2 3
65571 2 2
65828 2 3
66748 2 1
67550 2 2
67839 2 3
68328 2 1
68889 2 1
69607 2 2
69898 2 3
70241 2 2
70477 2 3
71101 2 1
71738 2 1
73039 2 2
73710 2 3
74535 2 2
74816 2 3
75404 2 1
75696 2 1
76372 2 2
76615 2 3
76925 2 2
77240 2 3
77994 2 1
78267 2 2
78615 2 3
78948 2 2
79171 2 3
79786 2 1
80490 2 1
81642 2 2
81988 2 3
82765 2 2
83168 2 3
85617 2 1
86210 2 1
86986 2 1
87145 2 2
87358 2 3
87645 2 1
88792 2 1
89068 2 1
91034 2 1
91280 2 1
91897 2 1
92154 2 1
93099 2 2
93376 2 3
93935 2 1
94556 2 1
95110 2 1
95952 2 1
96543 2 1
97358 2 2
97603 2 3
98968 2 1
99657 2 1
100361 2 1
100791 2 1
101386 2 1
102210 2 1
102646 2 2
103013 2 3
103322 2 1
103890 2 1
104897 2 1
105634 2 1
107020 2 1
108514 2 1
109044 2 2
109361 2 3
110250 2 1
111363 2 2
111977 2 3
113635 2 1
114457 2 1
115656 2 1
116228 2 2
116494 2 3
116808 2 1
117397 2 1
119364 2 1
120525 2 1
121102 2 1
121955 2 1
122244 2 1
122526 2 1
123371 2 1
124980 2 2
125202 2 3
125367 2 2
125613 2 3
125682 2 1
127350 2 1
127596 2 1
128474 2 1
129309 2 1
130772 2 1
131589 2 1
134732 2 1
138181 2 1
138473 2 1
138743 2 1
139639 2 1
140197 2 1
140925 2 2
141606 2 3
142492 2 1
143073 2 1
143309 2 2
143731 2 3
144759 2 1
145301 2 1
145927 2 1
146754 2 2
148335 2 3
149203 2 1
151971 2 1
152286 2 1
153005 2 1
153463 2 2
153679 2 3
154987 2 1
155709 2 1
156455 2 1
156703 2 1
156955 2 2
157201 2 3
158280 2 1
160390 2 1
161027 2 1
163022 2 1
165294 2 1
165564 2 1
165800 2 1
165998 2 1
168565 2 1
168788 2 1
169626 2 1
169941 2 1
170143 2 1
171060 2 1
172215 2 1
174470 2 1
174742 2 1
175921 2 1
178262 2 1
178751 2 1
179066 2 1
179351 2 1
181061 2 2
181617 2 3
182516 2 1
183359 2 1
184206 2 2
184895 2 3
185367 2 2
187645 2 3
189355 2 2
190007 2 3
193085 2 2
193432 2 3
194213 2 1
196947 2 1
197470 2 2
197828 2 3
198670 2 1
199569 2 2
200291 2 3
200561 2 2
200918 2 3
201193 2 1
201922 2 1
205593 2 1
205806 2 1
208260 2 1
208813 2 1
209402 2 2
209982 2 3
213105 2 1
214788 2 1
214974 2 1
1096 3 1
2234 3 1
3339 3 1
4495 3 1
5066 3 1
6512 3 1
6738 3 1
7697 3 1
8095 3 1
9587 3 1
10211 3 1
10466 3 1
12774 3 1
15385 3 1
20499 3 1
21056 3 1
22817 3 1
23341 3 2
24016 3 3
24550 3 1
24727 3 1
24946 3 2
25626 3 3
27394 3 1
27895 3 1
29077 3 1
30190 3 1
33112 3 1
35183 3 1
38209 3 2
38833 3 3
39341 3 1
39876 3 1
41380 3 1
44575 3 1
46103 3 1
47691 3 1
47824 3 1
49412 3 1
49657 3 1
49933 3 1
51402 3 1
52836 3 1
53093 3 1
55370 3 1
56800 3 1
56911 3 1
59971 3 1
61861 3 1
63871 3 2
64325 3 3
64515 3 1
66438 3 1
68924 3 1
72390 3 1
72614 3 1
77926 3 1
80221 3 1
81080 3 2
81461 3 3
82198 3 2
82443 3 3
83669 3 1
84436 3 1
86760 3 1
88538 3 1
89670 3 1
89961 3 1
90195 3 1
95728 3 1
98292 3 1
98515 3 1
99405 3 1
101654 3 1
103647 3 1
104817 3 1
105378 3 1
106532 3 1
107654 3 1
108790 3 1
109625 3 2
110006 3 3
110774 3 1
111898 3 1
113047 3 1
113635 3 2
114238 3 3
114784 3 1
115344 3 1
116494 3 1
117086 3 1
118266 3 2
118590 3 3
118765 3 2
119222 3 3
120857 3 1
122802 3 1
123071 3 1
123528 3 1
124523 3 1
137901 3 1
139214 3 1
139639 3 1
139938 3 1
140523 3 1
142230 3 1
142804 3 1
144514 3 1
145670 3 1
146215 3 1
146459 3 1
148655 3 1
149054 3 1
151902 3 1
152182 3 1
153304 3 1
154762 3 1
155766 3 1
161610 3 1
162187 3 1
163624 3 1
164449 3 1
167098 3 1
169056 3 1
171685 3 1
171906 3 1
175638 3 1
178571 3 1
180812 3 1
182173 3 1
183025 3 2
183265 3 3
183980 3 1
185084 3 1
187965 3 1
188531 3 1
189925 3 2
192261 3 3
193660 3 2
194028 3 3
194527 3 2
196947 3 3
198276 3 2
198534 3 3
200255 3 2
200575 3 3
201395 3 1
203083 3 1
205685 3 1
207684 3 1
208536 3 1
209132 3 1
210555 3 2
211203 3 3
211424 3 1
213681 3 1
214861 3 1
