5695 0 2
6076 0 3
6397 0 2
6622 0 3
7548 0 2
7949 0 3
8238 0 2
8466 0 3
9427 0 2
9820 0 3
10161 0 1
11328 0 2
11694 0 3
12017 0 2
12228 0 3
14118 0 2
15990 0 3
17895 0 2
18412 0 3
19744 0 1
20250 0 1
20865 0 2
21089 0 3
21209 0 2
21922 0 3
22382 0 2
23403 0 3
23587 0 2
24391 0 3
25402 0 2
25658 0 3
25901 0 1
26808 0 1
27336 0 2
27951 0 3
28383 0 1
29167 0 2
29456 0 3
29632 0 1
30164 0 2
30391 0 3
30610 0 2
31201 0 3
31951 0 1
32545 0 2
32770 0 3
32924 0 2
33365 0 3
34310 0 2
34557 0 3
35741 0 1
36216 0 2
36463 0 3
36925 0 2
37260 0 3
38056 0 2
38257 0 3
38521 0 2
39596 0 3
40427 0 1
41243 0 2
41912 0 3
42330 0 2
42574 0 3
43303 0 2
43545 0 3
44146 0 2
44489 0 3
44899 0 1
45131 0 2
45391 0 3
45611 0 2
46045 0 3
46947 0 1
47510 0 1
47921 0 2
48332 0 3
49344 0 2
49568 0 3
49793 0 2
50015 0 3
50744 0 2
51100 0 3
51210 0 1
52144 0 2
52524 0 3
52624 0 1
53564 0 1
54029 0 2
54351 0 3
54473 0 1
55440 0 2
55723 0 3
55910 0 1
56165 0 2
56391 0 3
56612 0 1
56891 0 2
57102 0 3
57508 0 1
58260 0 2
58604 0 3
58971 0 1
59584 0 2
59952 0 3
60577 0 1
61059 0 1
61527 0 2
61903 0 3
62433 0 1
62983 0 2
63197 0 3
63372 0 1
63850 0 2
64176 0 3
64330 0 2
64631 0 3
64852 0 2
65110 0 3
65725 0 1
66437 0 2
66673 0 3
66863 0 2
67349 0 3
68644 0 2
69053 0 3
69176 0 2
69530 0 3
69617 0 2
70138 0 3
71521 0 2
71845 0 3
71965 0 2
72330 0 3
72461 0 2
72907 0 3
74308 0 2
74695 0 3
74828 0 2
75163 0 3
75295 0 2
75705 0 3
77142 0 2
77519 0 3
77618 0 2
77901 0 3
78067 0 2
78411 0 3
78576 0 2
78950 0 3
79070 0 2
79535 0 3
79845 0 2
80777 0 3
82000 0 2
83412 0 3
85744 0 2
88165 0 3
91092 0 2
92950 0 3
93170 0 1
93623 0 1
93831 0 2
94311 0 3
94743 0 2
96109 0 3
96451 0 2
96699 0 3
97539 0 2
98007 0 3
98308 0 2
98575 0 3
99460 0 2
99828 0 3
100140 0 2
100388 0 3
101330 0 2
101756 0 3
102011 0 2
102291 0 3
104371 0 2
106202 0 3
107868 0 1
108352 0 1
108838 0 1
109213 0 2
109768 0 3
110742 0 2
110953 0 3
111173 0 2
111696 0 3
112414 0 2
112772 0 3
112886 0 2
113310 0 3
113430 0 1
114359 0 2
115079 0 3
115355 0 2
115645 0 3
115886 0 2
116132 0 3
116286 0 1
116787 0 2
117025 0 3
117293 0 2
117981 0 3
118549 0 2
119037 0 3
119170 0 2
119492 0 3
119635 0 1
120170 0 2
120418 0 3
120607 0 2
120975 0 3
121764 0 2
122265 0 3
122485 0 2
122721 0 3
122941 0 2
123539 0 3
124250 0 2
124842 0 3
125748 0 1
126191 0 2
126460 0 3
126704 0 2
127295 0 3
128032 0 1
128363 0 2
128576 0 3
129235 0 2
129633 0 3
130409 0 2
131155 0 3
131277 0 2
131779 0 3
132001 0 2
132280 0 3
133563 0 2
134021 0 3
134209 0 2
134523 0 3
134945 0 1
135157 0 2
135406 0 3
135596 0 2
136086 0 3
136926 0 2
137218 0 3
137514 0 1
139352 0 2
139610 0 3
139797 0 2
140000 0 3
140745 0 2
141036 0 3
141188 0 1
142141 0 2
142469 0 3
142589 0 1
143538 0 1
143994 0 2
144307 0 3
144458 0 1
145428 0 2
145711 0 3
145921 0 1
146121 0 2
146381 0 3
146596 0 1
146872 0 2
147162 0 3
147503 0 1
148255 0 2
148568 0 3
148968 0 1
149623 0 2
149947 0 3
150575 0 1
151050 0 1
151499 0 2
151832 0 3
151988 0 1
152927 0 2
153253 0 3
153397 0 1
153846 0 2
154609 0 3
154830 0 1
155478 0 2
155757 0 3
156167 0 2
156680 0 3
156835 0 2
157355 0 3
158718 0 2
159073 0 3
159193 0 2
159539 0 3
159660 0 2
160171 0 3
161494 0 2
161873 0 3
161983 0 2
162349 0 3
162447 0 2
162980 0 3
164264 0 2
164642 0 3
164741 0 2
165106 0 3
165260 0 2
165670 0 3
167090 0 2
167490 0 3
167611 0 2
167887 0 3
168045 0 2
168334 0 3
168422 0 2
168790 0 3
168878 0 2
169436 0 3
169591 0 1
171631 0 2
172032 0 3
173529 0 2
174127 0 3
175363 0 2
175820 0 3
177261 0 2
177731 0 3
179131 0 2
179597 0 3
181035 0 2
181260 0 3
182901 0 2
183112 0 3
184510 0 2
185514 0 3
186634 0 2
187630 0 3
188497 0 2
189454 0 3
190397 0 2
191311 0 3
192251 0 2
193220 0 3
194117 0 2
195130 0 3
196019 0 2
196964 0 3
197893 0 1
198346 0 2
198581 0 3
198833 0 1
200675 0 2
201044 0 3
201377 0 2
201637 0 3
202556 0 2
202951 0 3
203273 0 2
203509 0 3
204418 0 2
204802 0 3
205135 0 2
205355 0 3
206332 0 2
206736 0 3
207025 0 2
207250 0 3
208160 0 2
208598 0 3
208879 0 2
209104 0 3
210036 0 2
210464 0 3
210741 0 2
210964 0 3
211908 0 2
212344 0 3
212623 0 2
212906 0 3
213797 0 2
214269 0 3
214549 0 2
214855 0 3
215688 0 2
216124 0 3
216397 0 2
216846 0 3
219464 0 2
219878 0 3
220134 0 2
220547 0 3
220602 0 1
223174 0 2
223642 0 3
223917 0 2
224310 0 3
226930 0 2
227397 0 3
227752 0 2
228119 0 3
4771 1 2
5729 1 3
6041 1 2
6420 1 3
6608 1 2
7571 1 3
7913 1 2
8261 1 3
8451 1 2
9450 1 3
9774 1 2
10161 1 3
10320 1 2
11350 1 3
11694 1 2
12039 1 3
12205 1 2
14141 1 3
15966 1 2
17930 1 3
18366 1 2
18932 1 3
21909 1 1
23056 1 2
23336 1 3
24243 1 2
24523 1 3
26253 1 2
26965 1 3
28005 1 2
28262 1 3
28573 1 2
29102 1 3
29875 1 1
30354 1 1
31177 1 2
31510 1 3
31773 1 1
32270 1 1
33208 1 2
33651 1 3
34544 1 1
34811 1 1
35292 1 1
36449 1 1
36736 1 1
37390 1 2
38147 1 3
39882 1 2
40251 1 3
41809 1 2
42035 1 3
43101 1 2
43380 1 3
43611 1 2
44101 1 3
44598 1 1
45355 1 2
45567 1 3
46045 1 2
46455 1 3
46759 1 1
47290 1 1
48297 1 2
48641 1 3
49546 1 1
50102 1 1
50302 1 2
50603 1 3
51279 1 1
51789 1 2
52123 1 3
53121 1 1
53718 1 2
54043 1 3
54921 1 1
55664 1 1
56377 1 1
57849 1 2
58095 1 3
58893 1 1
59271 1 2
59571 1 3
60085 1 1
61235 1 2
61493 1 3
62003 1 1
62937 1 2
63197 1 3
63661 1 1
64541 1 1
65285 1 2
65572 1 3
66170 1 2
66471 1 3
66660 1 1
67569 1 2
67793 1 3
68044 1 2
68268 1 3
68545 1 1
70393 1 1
70870 1 1
71332 1 1
73202 1 1
73709 1 1
74174 1 1
76025 1 1
76514 1 1
76966 1 1
79689 1 1
80721 1 2
81407 1 3
88658 1 2
89435 1 3
94275 1 2
94743 1 3
96086 1 2
96451 1 3
96676 1 2
97629 1 3
97919 1 2
98342 1 3
98530 1 2
99551 1 3
99793 1 2
100175 1 3
100365 1 2
101377 1 3
101709 1 2
102056 1 3
102278 1 2
104406 1 3
106189 1 2
107801 1 3
109801 1 1
110267 1 1
111660 1 1
112049 1 2
112428 1 3
113575 1 2
114394 1 3
115178 1 1
116388 1 2
116787 1 3
117012 1 2
117293 1 3
118015 1 1
118393 1 1
119893 1 1
120382 1 1
120952 1 2
121786 1 3
122241 1 1
123561 1 1
124073 1 2
124296 1 3
124763 1 1
125272 1 1
126424 1 1
127362 1 2
128032 1 3
128552 1 2
129257 1 3
129854 1 2
130221 1 3
131755 1 2
132001 1 3
132280 1 2
132571 1 3
133086 1 2
133442 1 3
134689 1 1
135383 1 1
136050 1 1
136439 1 1
136749 1 1
137205 1 1
138160 1 2
138451 1 3
138629 1 2
139022 1 3
139575 1 1
140089 1 1
140322 1 2
140612 1 3
141276 1 1
141786 1 2
142141 1 3
143062 1 1
143716 1 2
143939 1 3
144911 1 1
145651 1 1
146368 1 2
146583 1 3
147802 1 2
148091 1 3
148934 1 1
149277 1 2
149589 1 3
150077 1 1
151208 1 2
151453 1 3
152429 1 1
153151 1 1
153600 1 2
153881 1 3
154561 1 1
155041 1 2
155411 1 3
156667 1 1
157598 1 2
157800 1 3
158043 1 2
158299 1 3
158519 1 1
160416 1 2
160631 1 3
160885 1 1
161372 1 1
163254 1 1
163696 1 1
164197 1 1
166025 1 1
166502 1 1
166989 1 1
169379 1 1
169782 1 2
170094 1 3
170527 1 2
171391 1 3
172374 1 1
174281 1 2
175285 1 3
176120 1 2
176954 1 3
177995 1 2
179031 1 3
179875 1 2
180899 1 3
181764 1 2
182800 1 3
183641 1 2
184387 1 3
185480 1 2
186634 1 3
187583 1 2
188512 1 3
189441 1 2
190419 1 3
191298 1 2
192251 1 3
193143 1 2
194141 1 3
195073 1 2
196053 1 3
196951 1 2
197850 1 3
199764 1 2
200710 1 3
201044 1 2
201365 1 3
201614 1 2
202556 1 3
202916 1 2
203260 1 3
203486 1 2
204396 1 3
204779 1 2
205135 1 3
205330 1 2
206332 1 3
206691 1 2
207025 1 3
207250 1 2
208160 1 3
208562 1 2
208879 1 3
209091 1 2
210061 1 3
210429 1 2
210776 1 3
210964 1 2
211944 1 3
212310 1 2
212623 1 3
212870 1 2
213832 1 3
214212 1 2
214618 1 3
214820 1 2
215846 1 3
216067 1 2
216432 1 3
218503 1 2
219501 1 3
219843 1 2
220224 1 3
222301 1 2
223209 1 3
223573 1 2
223952 1 3
226013 1 2
226952 1 3
227341 1 2
227807 1 3
5729 2 2
6076 2 3
6420 2 2
6622 2 3
7571 2 2
7949 2 3
8261 2 2
8487 2 3
9427 2 2
9820 2 3
10161 2 1
11350 2 2
11694 2 3
12003 2 2
12241 2 3
13233 2 2
13610 2 3
13951 2 1
15090 2 2
15402 2 3
15831 2 1
16963 2 2
17307 2 3
17683 2 2
17963 2 3
18844 2 2
19186 2 3
21922 2 1
22382 2 2
22870 2 3
24075 2 2
24334 2 3
24839 2 2
25347 2 3
25901 2 1
26631 2 2
26932 2 3
27336 2 1
28695 2 2
29081 2 3
29875 2 1
30368 2 1
31177 2 2
31510 2 3
31773 2 1
32270 2 1
33508 2 1
33971 2 2
34201 2 3
34557 2 1
35029 2 1
35490 2 1
36449 2 1
36925 2 2
37238 2 3
37390 2 2
37833 2 3
38056 2 2
38257 2 3
38521 2 2
38974 2 3
39440 2 2
39971 2 3
40869 2 2
41209 2 3
41532 2 2
41823 2 3
42407 2 2
42629 2 3
43701 2 2
44101 2 3
44611 2 1
45368 2 1
46045 2 2
46443 2 3
46759 2 1
47290 2 1
48541 2 1
48949 2 2
49192 2 3
49568 2 1
50102 2 1
50744 2 2
51100 2 3
51466 2 1
51789 2 2
52144 2 3
53121 2 1
53718 2 2
54043 2 3
54921 2 1
55664 2 1
56377 2 1
57849 2 2
58074 2 3
58805 2 1
59271 2 2
59550 2 3
60085 2 1
61235 2 2
61493 2 3
62003 2 1
63071 2 1
63661 2 1
64541 2 1
64852 2 2
65110 2 3
65725 2 2
66158 2 3
66673 2 1
67106 2 1
68986 2 1
69463 2 1
69948 2 1
71799 2 1
72273 2 1
72751 2 1
74618 2 1
75073 2 1
75549 2 1
77409 2 1
77901 2 1
78365 2 1
78872 2 1
79312 2 1
79689 2 1
81216 2 2
82067 2 3
83390 2 2
85801 2 3
88220 2 2
88727 2 3
89400 2 2
91860 2 3
93831 2 2
94311 2 3
94743 2 2
95730 2 3
96253 2 2
96833 2 3
98530 2 2
100811 2 3
102278 2 2
104506 2 3
106100 2 2
107823 2 3
110012 2 1
110477 2 1
111660 2 1
112358 2 1
113575 2 2
114013 2 3
114258 2 2
114460 2 3
116299 2 2
116511 2 3
116821 2 2
117048 2 3
117271 2 2
117625 2 3
119893 2 1
120382 2 1
120939 2 1
121741 2 1
122241 2 1
123717 2 2
124195 2 3
124786 2 1
125040 2 1
125495 2 1
126437 2 1
126717 2 2
127262 2 3
127606 2 1
128018 2 1
128552 2 2
129021 2 3
130845 2 2
131201 2 3
131512 2 2
131722 2 3
131978 2 2
132258 2 3
132436 2 1
133009 2 1
133340 2 1
134667 2 1
135383 2 1
136050 2 1
136439 2 1
136749 2 1
137218 2 1
137926 2 2
138240 2 3
138395 2 2
138697 2 3
138831 2 2
139077 2 3
139575 2 1
140089 2 1
140745 2 2
141058 2 3
141432 2 1
141786 2 2
142141 2 3
143062 2 1
143716 2 2
143960 2 3
144911 2 1
145651 2 1
146344 2 2
146583 2 3
147802 2 2
148091 2 3
148844 2 1
149277 2 2
149601 2 3
150077 2 1
151208 2 2
151465 2 3
152429 2 1
153151 2 1
153600 2 2
153881 2 3
154561 2 1
154830 2 1
155478 2 1
156632 2 1
157109 2 1
158972 2 1
159416 2 1
159949 2 1
161796 2 1
162247 2 1
162757 2 1
164629 2 1
165072 2 1
165570 2 1
167444 2 1
167899 2 2
168101 2 3
169379 2 1
169782 2 2
170750 2 3
171063 2 2
171311 2 3
171631 2 2
172930 2 3
173052 2 1
173506 2 2
174437 2 3
174794 2 2
175105 2 3
175363 2 2
176353 2 3
176676 2 2
176996 2 3
177283 2 2
178252 2 3
178541 2 2
178878 2 3
179131 2 2
180099 2 3
180432 2 2
180745 2 3
181010 2 2
181921 2 3
182288 2 2
182612 2 3
182888 2 2
183808 2 3
184175 2 2
184545 2 3
186634 2 2
188087 2 3
188497 2 2
190431 2 3
191797 2 1
194117 2 2
195578 2 3
196019 2 2
197850 2 3
198346 2 2
198734 2 3
199297 2 2
199764 2 3
200710 2 2
201000 2 3
201377 2 2
201591 2 3
202578 2 2
202916 2 3
203260 2 1
204431 2 2
204766 2 3
205135 2 1
206332 2 2
206691 2 3
207025 2 1
208160 2 2
208562 2 3
208856 2 2
209069 2 3
210036 2 2
210429 2 3
210741 2 1
211930 2 2
212255 2 3
212600 2 2
212848 2 3
213832 2 2
214191 2 3
214526 2 2
215099 2 3
217561 2 2
217940 2 3
218335 2 2
218647 2 3
221322 2 2
221668 2 3
222057 2 2
222402 2 3
225090 2 2
225460 2 3
225791 2 2
226125 2 3
228833 2 2
229177 2 3
229541 2 2
230592 2 3
4771 3 2
5764 3 3
6041 3 2
6433 3 3
6608 3 2
7571 3 3
7926 3 2
8309 3 3
8451 3 2
9450 3 3
9797 3 2
10175 3 3
10333 3 2
11407 3 3
11694 3 2
12039 3 3
12228 3 2
13246 3 3
13587 3 2
13964 3 3
14118 3 2
15113 3 3
15380 3 2
15831 3 3
16001 3 2
16997 3 3
17274 3 2
17706 3 3
19152 3 2
19744 3 3
20031 3 1
20504 3 1
20865 3 2
21089 3 3
21209 3 2
21922 3 3
23168 3 2
23391 3 3
23587 3 2
24110 3 3
24347 3 2
24875 3 3
25580 3 1
26253 3 2
26910 3 3
27628 3 2
27917 3 3
28094 3 2
28438 3 3
29301 3 1
29632 3 1
30164 3 2
30368 3 3
30610 3 2
31201 3 3
31951 3 1
32592 3 2
32803 3 3
33685 3 2
34015 3 3
34333 3 2
34580 3 3
35863 3 1
36216 3 2
36485 3 3
36736 3 2
36949 3 3
37833 3 2
38080 3 3
39007 3 2
39440 3 3
40094 3 2
40393 3 3
40583 3 1
41276 3 2
41566 3 3
41809 3 2
42047 3 3
42629 3 2
42861 3 3
42960 3 2
43224 3 3
43491 3 1
44333 3 1
44899 3 1
45131 3 2
45391 3 3
45611 3 2
46045 3 3
46947 3 1
47611 3 1
48761 3 2
48972 3 3
49344 3 2
49568 3 3
49793 3 2
50036 3 3
50302 3 2
50624 3 3
51500 3 1
52144 3 2
52503 3 3
52624 3 1
53564 3 1
54029 3 2
54351 3 3
54473 3 1
55440 3 2
55702 3 3
55910 3 1
56165 3 2
56391 3 3
56612 3 2
56825 3 3
57055 3 2
57342 3 3
57495 3 1
58260 3 2
58571 3 3
58758 3 1
59571 3 2
59963 3 3
60577 3 1
61059 3 1
61493 3 2
61882 3 3
62433 3 1
63094 3 1
63372 3 1
63850 3 2
64176 3 3
64330 3 2
64631 3 3
65285 3 2
65572 3 3
65725 3 2
66729 3 3
67293 3 2
67515 3 3
67770 3 2
68044 3 3
68245 3 2
68523 3 3
70081 3 2
70449 3 3
70595 3 2
70926 3 3
71090 3 2
71366 3 3
72894 3 2
73215 3 3
73422 3 2
73732 3 3
73920 3 2
74153 3 3
75705 3 2
76048 3 3
76202 3 2
76481 3 3
76680 3 2
77021 3 3
87236 3 2
88220 3 3
92894 3 1
93390 3 1
94298 3 2
94743 3 3
95730 3 2
96253 3 3
96844 3 2
98530 3 3
100798 3 2
102278 3 3
104527 3 2
106100 3 3
107868 3 1
108352 3 1
108838 3 1
109213 3 2
109748 3 3
110853 3 1
111173 3 2
111660 3 3
112603 3 1
112886 3 2
113298 3 3
113430 3 1
114047 3 2
114271 3 3
114802 3 2
115355 3 3
115544 3 2
115799 3 3
115899 3 2
116355 3 3
116545 3 2
116821 3 3
117025 3 2
117315 3 3
117670 3 2
117881 3 3
118137 3 2
118448 3 3
118772 3 2
119115 3 3
119302 3 2
119525 3 3
119670 3 1
120170 3 2
120418 3 3
120607 3 2
120952 3 3
121885 3 2
122265 3 3
122541 3 2
122821 3 3
123318 3 2
123561 3 3
124340 3 2
124820 3 3
125849 3 2
126059 3 3
126191 3 2
126472 3 3
127362 3 2
127584 3 3
127828 3 2
128032 3 3
129008 3 2
129357 3 3
129477 3 2
129975 3 3
130109 3 2
130422 3 3
131277 3 2
131512 3 3
131755 3 2
132001 3 3
132593 3 1
133775 3 2
134167 3 3
134343 3 2
134556 3 3
134945 3 1
135157 3 2
135406 3 3
135596 3 2
136098 3 3
136926 3 2
137241 3 3
137581 3 2
137794 3 3
139352 3 2
139610 3 3
139797 3 2
140000 3 3
140322 3 2
140591 3 3
141555 3 1
142141 3 2
142491 3 3
142589 3 1
143538 3 1
143994 3 2
144318 3 3
144458 3 1
145428 3 2
145687 3 3
145921 3 1
146121 3 2
146368 3 3
146583 3 1
147094 3 2
147361 3 3
147503 3 1
148255 3 2
148556 3 3
148744 3 1
149623 3 2
149947 3 3
150575 3 1
151050 3 1
151499 3 2
151832 3 3
151988 3 1
152927 3 2
153220 3 3
153397 3 1
153881 3 2
154596 3 3
155041 3 2
155389 3 3
155722 3 2
156702 3 3
157298 3 2
157632 3 3
157765 3 2
158130 3 3
158242 3 2
158542 3 3
160115 3 2
160453 3 3
160574 3 2
160952 3 3
161062 3 2
161461 3 3
162892 3 2
163288 3 3
163408 3 2
163742 3 3
163853 3 2
164108 3 3
165725 3 2
166048 3 3
166168 3 2
166502 3 3
166623 3 2
166989 3 3
168376 3 2
168790 3 3
168878 3 2
169436 3 3
169591 3 2
169796 3 3
170750 3 2
171099 3 3
171345 3 2
171724 3 3
172551 3 2
173052 3 3
173284 3 2
173529 3 3
174481 3 2
174761 3 3
175139 3 2
175409 3 3
176365 3 2
176720 3 3
176996 3 2
177306 3 3
178217 3 2
178541 3 3
178842 3 2
179155 3 3
180076 3 2
180445 3 3
180711 3 2
181035 3 3
181944 3 2
182323 3 3
182589 3 2
182924 3 3
183830 3 2
184198 3 3
184488 3 2
186670 3 3
188052 3 1
190431 3 2
191832 3 3
192264 3 2
194117 3 3
195556 3 1
197893 3 2
198370 3 3
198811 3 2
199331 3 3
199741 3 2
200710 3 3
201021 3 2
201377 3 3
201591 3 2
202578 3 3
202893 3 2
203260 3 3
203451 3 2
204431 3 3
204766 3 2
205150 3 3
205330 3 2
206332 3 3
206679 3 2
207025 3 3
207215 3 2
208183 3 3
208562 3 2
208879 3 3
209069 3 2
210061 3 3
210394 3 2
210776 3 3
210930 3 2
212011 3 3
212242 3 2
212623 3 3
212834 3 2
213832 3 3
214177 3 2
214549 3 3
216666 3 2
217583 3 3
217917 3 2
218335 3 3
220412 3 2
221344 3 3
221645 3 2
222102 3 3
224173 3 2
225113 3 3
225425 3 2
225825 3 3
227962 3 2
228846 3 3
229143 3 2
229541 3 3
