4549 0 1
5015 0 1
7456 0 1
8248 0 2
8692 0 3
9194 0 2
9672 0 3
10018 0 2
15483 0 3
15703 0 2
15938 0 3
16872 0 1
18137 0 1
18664 0 1
19596 0 1
20096 0 1
20935 0 1
21093 0 2
21584 0 3
22779 0 2
23392 0 3
24543 0 1
25345 0 1
26567 0 2
27121 0 3
28385 0 1
29869 0 1
30559 0 1
31968 0 1
34845 0 1
35282 0 1
35837 0 2
36050 0 3
37104 0 1
38513 0 1
39220 0 1
39944 0 1
40753 0 1
41285 0 1
42280 0 1
43089 0 1
43471 0 1
46065 0 1
46903 0 1
47374 0 1
47679 0 2
47985 0 3
48218 0 1
48531 0 1
48891 0 1
49329 0 1
49853 0 2
50798 0 3
53224 0 1
53819 0 1
54529 0 1
54998 0 1
56308 0 1
56874 0 1
60701 0 1
61080 0 1
61765 0 1
62825 0 1
63875 0 1
64851 0 1
66242 0 1
66785 0 1
67306 0 1
67804 0 1
68270 0 1
69021 0 1
69533 0 1
70009 0 1
70764 0 1
70853 0 1
72963 0 1
74401 0 1
94233 0 1
98055 0 1
99801 0 1
100282 0 1
100450 0 1
100942 0 1
101287 0 1
101665 0 1
101878 0 1
102383 0 1
102982 0 1
103231 0 1
103645 0 1
104070 0 1
104665 0 1
104778 0 1
105656 0 1
106566 0 1
107958 0 1
108237 0 1
108454 0 1
108964 0 1
109600 0 1
109770 0 1
110376 0 1
110888 0 1
111835 0 1
112426 0 1
113670 0 1
115332 0 1
115702 0 1
117182 0 1
117754 0 1
119519 0 1
120130 0 1
121190 0 1
123408 0 1
125170 0 1
126470 0 1
127015 0 1
127523 0 1
132807 0 2
134391 0 3
134859 0 1
135687 0 1
137078 0 1
137466 0 1
139793 0 1
140607 0 1
143827 0 1
144327 0 1
144428 0 1
144772 0 1
144861 0 1
145663 0 1
145973 0 1
147347 0 1
150669 0 1
151015 0 1
153842 0 1
154331 0 1
154774 0 1
155268 0 1
155755 0 1
156317 0 1
156750 0 1
157562 0 1
157998 0 1
158456 0 1
159027 0 1
159575 0 1
161315 0 1
161660 0 1
161883 0 1
162287 0 1
162854 0 1
163277 0 1
168509 0 1
169129 0 1
170312 0 1
170989 0 1
173000 0 1
176052 0 2
176464 0 3
177118 0 1
177874 0 1
180669 0 1
181167 0 1
181566 0 1
184220 0 1
184435 0 1
184714 0 1
185248 0 1
185888 0 1
186359 0 1
187140 0 1
187882 0 1
188230 0 1
188632 0 1
189148 0 1
189627 0 1
190094 0 1
190621 0 1
190864 0 1
191879 0 1
192447 0 1
192936 0 1
193281 0 1
193794 0 1
194117 0 1
194803 0 1
195294 0 1
195428 0 1
196130 0 1
196730 0 1
197598 0 1
198277 0 1
198614 0 1
199493 0 1
200018 0 1
200869 0 1
201334 0 1
201725 0 1
202048 0 1
202752 0 1
206544 0 1
207852 0 1
208183 0 1
208694 0 1
209162 0 1
209974 0 1
210443 0 1
210790 0 1
211735 0 1
213249 0 1
213729 0 1
214684 0 1
215641 0 1
216349 0 2
216575 0 3
217593 0 1
218349 0 1
218858 0 1
220105 0 1
223360 0 1
223791 0 1
224103 0 1
226618 0 1
227661 0 2
230312 0 3
230480 0 1
230724 0 1
231200 0 1
232780 0 2
233494 0 3
234989 0 2
238104 0 3
238436 0 1
238678 0 1
238922 0 1
242573 0 1
242686 0 1
243033 0 1
247967 0 1
248558 0 1
250232 0 1
250581 0 1
254471 0 1
1147 1 1
1696 1 1
4793 1 1
5271 1 1
5503 1 1
6001 1 1
6491 1 1
6967 1 1
14746 1 1
15360 1 1
15703 1 2
15938 1 3
16683 1 1
17049 1 1
20387 1 1
20621 1 1
20898 1 1
21548 1 1
21982 1 1
23733 1 1
24166 1 1
24889 1 1
25755 1 1
27329 1 1
27654 1 1
28385 1 1
29324 1 1
30671 1 1
31522 1 1
32388 1 1
32979 1 1
33410 1 1
34067 1 1
35536 1 1
35769 1 1
35960 1 1
36705 1 1
37594 1 1
38057 1 1
39598 1 1
40375 1 1
41792 1 1
42636 1 1
43458 1 1
51584 1 1
51796 1 1
52282 1 1
53015 1 1
54529 1 1
56308 1 1
56874 1 1
57585 1 1
58091 1 1
60298 1 1
65307 1 1
65873 1 1
68586 1 2
69021 1 3
70485 1 1
71349 1 1
72355 1 1
73439 1 2
73839 1 3
73939 1 1
74867 1 1
75384 1 1
75818 1 1
76275 1 1
76738 1 1
77246 1 1
77697 1 1
78140 1 1
78591 1 1
79066 1 1
79602 1 1
80044 1 1
80543 1 1
80985 1 1
81448 1 1
81948 1 1
82411 1 1
82938 1 1
83434 1 1
83874 1 1
84086 1 1
84313 1 1
84535 1 1
84745 1 1
84989 1 1
85235 1 1
85446 1 1
85668 1 1
85911 1 1
86132 1 1
86411 1 1
86633 1 1
86842 1 1
87043 1 1
87255 1 1
87479 1 1
87745 1 1
87968 1 1
88245 1 1
88469 1 1
88715 1 1
88925 1 1
89157 1 1
89435 1 1
89526 1 1
89652 1 1
89754 1 1
89875 1 1
89998 1 1
90085 1 1
90417 1 1
91115 1 1
91491 1 1
91981 1 1
92558 1 1
92905 1 1
93400 1 1
93843 1 1
94345 1 1
94690 1 1
95256 1 1
95664 1 1
96117 1 1
96588 1 1
97191 1 1
97570 1 1
98111 1 1
98246 1 1
98348 1 1
98957 1 1
99432 1 1
99893 1 1
101287 1 1
101652 1 1
101810 1 1
102156 1 1
103195 1 1
103556 1 1
103925 1 1
104904 1 1
105029 1 1
105120 1 1
105525 1 1
105838 1 1
105930 1 1
106495 1 1
106942 1 1
107581 1 1
107695 1 1
107958 1 1
108237 1 1
108715 1 1
108809 1 1
109714 1 1
110018 1 1
111390 1 1
112426 1 1
113259 1 1
113602 1 1
114226 1 1
115165 1 1
115332 1 1
115580 1 1
115881 1 1
116215 1 1
116530 1 1
116884 1 1
117251 1 1
117375 1 1
117565 1 1
118211 1 1
118334 1 1
118890 1 1
119252 1 1
119985 1 1
121055 1 1
121659 1 1
121904 1 1
122005 1 1
122217 1 1
122615 1 1
123498 1 1
123990 1 1
124345 1 1
124824 1 1
125691 1 1
125968 1 1
126746 1 1
127904 1 1
128384 1 1
128732 1 1
129319 1 1
129601 1 1
130259 1 1
130381 1 1
130842 1 2
132585 1 3
132986 1 1
133336 1 1
133915 1 1
134164 1 1
134633 1 1
135027 1 1
135252 1 1
136588 1 1
139217 1 1
139916 1 1
140395 1 1
140972 1 1
141794 1 1
141938 1 1
143151 1 1
143373 1 1
145142 1 1
146903 1 1
147347 1 1
147858 1 1
148059 1 1
148571 1 1
149048 1 1
149515 1 1
149839 1 1
150232 1 1
150669 1 1
151292 1 1
151514 1 1
152003 1 1
152446 1 1
154686 1 1
155021 1 1
155268 1 1
155913 1 2
156973 1 3
157075 1 1
157320 1 1
157809 1 1
158735 1 1
159027 1 1
159987 1 1
160231 1 1
160596 1 1
161083 1 1
161315 1 1
162128 1 1
162530 1 1
163087 1 1
163277 1 1
164150 1 1
164615 1 1
165114 1 1
165514 1 1
166025 1 1
166427 1 1
166960 1 1
167320 1 1
168264 1 1
169353 1 1
169900 1 1
171728 1 1
172101 1 1
172533 1 1
173224 1 2
173658 1 3
174390 1 2
174834 1 3
174934 1 2
175304 1 3
175404 1 1
178096 1 1
178299 1 1
178773 1 1
180200 1 1
180542 1 1
181167 1 1
181566 1 1
181781 1 1
183514 1 1
183752 1 1
184937 1 1
185865 1 1
186860 1 1
187882 1 1
188565 1 1
189148 1 1
190621 1 1
191332 1 1
191879 1 1
192814 1 2
193027 1 3
194397 1 1
194521 1 1
194657 1 1
195895 1 1
197073 1 1
197598 1 1
197911 1 1
198523 1 1
199100 1 1
199493 1 1
199927 1 1
200645 1 1
201057 1 1
201423 1 1
202314 1 1
202416 1 1
203129 1 1
203474 1 1
203840 1 1
204174 1 1
204653 1 1
205163 1 1
205354 1 1
205953 1 1
206321 1 1
206997 1 1
207388 1 1
209718 1 1
211269 1 1
212333 1 1
212705 1 1
214230 1 1
215161 1 1
216089 1 1
216484 1 1
216842 1 1
217135 1 1
218124 1 1
218814 1 1
219421 1 1
220474 1 1
220787 1 1
221285 1 1
221876 1 1
222265 1 1
222795 1 1
224502 1 1
225288 1 1
226973 1 1
227428 1 1
227661 1 1
228087 1 1
228587 1 1
231721 1 1
232162 1 1
233335 1 1
234168 1 1
235325 1 1
236757 1 1
237689 1 1
237934 1 1
239144 1 1
239279 1 1
241024 1 1
241371 1 1
241518 1 1
241986 1 1
242809 1 1
243356 1 1
243745 1 1
246544 1 1
247503 1 1
247967 1 2
249112 1 3
249303 1 1
250825 1 2
251325 1 3
251467 1 2
252928 1 3
253095 1 1
253540 1 1
254959 1 1
256834 1 1
257212 1 1
259042 1 1
1238 2 1
1612 2 1
2440 2 1
2939 2 1
3816 2 1
4293 2 1
5749 2 1
6245 2 1
6712 2 1
7191 2 1
10018 2 1
10364 2 1
10807 2 1
11464 2 1
11589 2 1
11744 2 1
12213 2 1
12604 2 1
12870 2 1
13197 2 1
13442 2 1
13873 2 1
14243 2 1
14399 2 1
14733 2 1
16338 2 1
16440 2 1
17272 2 1
17616 2 2
17928 2 3
20219 2 1
20510 2 1
20898 2 1
21471 2 1
22370 2 2
22734 2 3
23821 2 1
24543 2 1
25533 2 1
28174 2 1
29013 2 1
30259 2 1
30987 2 1
31210 2 1
32146 2 1
33636 2 1
35056 2 1
35680 2 1
36427 2 1
37325 2 1
38301 2 1
38977 2 1
39355 2 1
40001 2 1
41009 2 1
42535 2 1
43368 2 1
44154 2 2
44423 2 3
44511 2 2
44855 2 3
46278 2 1
46557 2 2
46938 2 3
47251 2 2
47465 2 3
47621 2 2
47985 2 3
50146 2 1
50381 2 1
50605 2 1
52071 2 1
52746 2 1
54529 2 1
54998 2 1
56308 2 1
57838 2 1
59623 2 1
59844 2 1
60076 2 1
61422 2 1
62207 2 1
63269 2 1
64354 2 1
68505 2 1
71881 2 1
73439 2 1
74245 2 1
75216 2 1
90927 2 1
92434 2 1
94448 2 1
96497 2 1
96834 2 1
98461 2 1
99432 2 1
99950 2 1
100473 2 1
100733 2 1
100942 2 1
102156 2 1
102726 2 1
103104 2 1
103320 2 1
104150 2 1
105213 2 1
105411 2 1
106024 2 1
106495 2 1
106965 2 1
107434 2 1
108082 2 1
111266 2 1
112761 2 1
114393 2 1
114883 2 1
114973 2 1
116284 2 1
117844 2 1
118526 2 1
118994 2 1
119396 2 1
119985 2 1
120198 2 1
120723 2 1
121635 2 1
122805 2 1
123700 2 1
124136 2 1
124602 2 1
125413 2 1
125759 2 1
126470 2 1
127726 2 1
128529 2 1
130014 2 1
130604 2 1
130764 2 1
131256 2 1
131680 2 1
132029 2 1
132462 2 1
133088 2 1
133526 2 1
133915 2 1
134289 2 1
134859 2 1
135229 2 1
135844 2 1
136042 2 1
136866 2 1
138840 2 1
139617 2 1
140193 2 1
141361 2 1
142183 2 1
142873 2 1
143586 2 1
146405 2 1
147648 2 1
148893 2 1
150051 2 1
150434 2 1
151257 2 1
152711 2 1
153148 2 1
154033 2 1
154121 2 1
154487 2 1
155645 2 1
158411 2 2
158713 2 3
159450 2 1
159774 2 1
161083 2 1
161660 2 1
162128 2 1
162854 2 1
166552 2 1
167105 2 1
167541 2 1
168885 2 1
169555 2 1
170546 2 1
172723 2 1
173846 2 1
173958 2 1
175648 2 1
179240 2 1
179812 2 1
180043 2 1
181258 2 1
181725 2 1
181982 2 1
182414 2 1
182813 2 1
183036 2 1
183970 2 1
185933 2 1
186427 2 1
187006 2 1
188074 2 1
188253 2 1
189750 2 1
190207 2 1
190396 2 1
190954 2 1
192204 2 1
193615 2 1
194803 2 1
195985 2 1
197265 2 1
197688 2 1
198154 2 1
198500 2 1
198847 2 1
199302 2 1
200266 2 1
200714 2 1
201805 2 1
202484 2 1
203306 2 1
203908 2 1
204243 2 1
204987 2 1
205198 2 1
205566 2 1
206321 2 1
207587 2 1
208440 2 1
208895 2 1
209463 2 1
211134 2 1
211825 2 1
212636 2 1
213249 2 1
213729 2 1
215161 2 1
216103 2 1
217065 2 1
217747 2 1
219240 2 1
220105 2 1
220686 2 1
221063 2 1
221676 2 1
222120 2 1
222605 2 1
223415 2 1
223916 2 1
224226 2 1
225453 2 1
225874 2 1
226475 2 1
227428 2 1
227896 2 1
229078 2 1
229394 2 1
229662 2 1
229787 2 1
230064 2 1
230199 2 1
231133 2 1
231875 2 1
233924 2 1
234989 2 1
235201 2 1
235817 2 1
236041 2 1
236285 2 1
237003 2 1
237218 2 1
238181 2 1
239457 2 1
239800 2 1
241697 2 1
242877 2 1
243155 2 1
243834 2 2
245511 2 3
245631 2 1
245887 2 1
246132 2 1
246945 2 1
249078 2 1
249747 2 1
250400 2 1
250825 2 1
253896 2 1
254117 2 1
254769 2 1
257743 2 1
257898 2 1
258053 2 1
258178 2 1
258487 2 1
258820 2 1
2219 3 1
2694 3 1
2817 3 1
3615 3 1
4092 3 1
7714 3 1
7889 3 2
8214 3 3
8725 3 2
9114 3 3
9694 3 1
9798 3 1
14399 3 1
15145 3 1
16092 3 1
17827 3 1
18082 3 1
18574 3 1
18677 3 2
19075 3 3
19209 3 1
19985 3 1
20756 3 1
20898 3 1
21826 3 1
23290 3 1
24323 3 1
25154 3 1
26000 3 2
26534 3 3
27053 3 1
27542 3 1
28106 3 1
28581 3 2
28913 3 3
29680 3 1
30114 3 1
30930 3 1
31765 3 1
32766 3 1
33190 3 1
34623 3 1
36895 3 1
37837 3 1
39722 3 1
40531 3 1
42812 3 1
43213 3 1
43368 3 1
43707 3 1
43842 3 1
44999 3 2
45301 3 3
45389 3 2
45757 3 3
46065 3 2
46491 3 3
46557 3 2
46926 3 3
47027 3 2
47486 3 3
47587 3 2
47985 3 3
48106 3 2
48396 3 3
48497 3 2
48801 3 3
48891 3 2
49243 3 3
49364 3 2
49711 3 3
49888 3 1
51351 3 1
52546 3 1
53224 3 1
54998 3 1
56874 3 1
58954 3 1
59142 3 1
59366 3 1
60487 3 1
65073 3 1
65662 3 1
66531 3 1
67083 3 1
67549 3 1
68014 3 1
73217 3 1
74659 3 1
75563 3 1
90805 3 1
92400 3 1
96441 3 1
99579 3 1
99858 3 1
101185 3 1
101410 3 1
102156 3 1
102504 3 1
103104 3 1
105318 3 1
106495 3 1
107378 3 1
108272 3 1
109475 3 1
109839 3 1
111611 3 1
112215 3 1
112572 3 1
113170 3 1
113447 3 1
113981 3 1
114103 3 1
114516 3 1
114973 3 1
116215 3 1
117060 3 1
117375 3 1
118526 3 1
118770 3 1
119654 3 1
120565 3 1
122095 3 1
122474 3 1
122931 3 1
123240 3 1
123644 3 1
124824 3 1
126282 3 1
128138 3 1
129163 3 1
129319 3 2
130764 3 3
131044 3 1
131413 3 1
131849 3 1
132238 3 1
132706 3 1
135496 3 1
136277 3 1
137289 3 1
137941 3 1
138240 3 1
142493 3 1
143273 3 1
148204 3 1
149839 3 1
150278 3 1
150948 3 1
151402 3 1
151759 3 1
152245 3 1
153543 3 1
155791 3 1
156125 3 1
156694 3 1
157062 3 1
158254 3 1
159304 3 1
159885 3 1
160364 3 1
160863 3 1
161883 3 1
162530 3 1
163254 3 1
163685 3 1
164172 3 1
164628 3 1
165114 3 1
165560 3 1
166049 3 1
166494 3 1
167797 3 1
169220 3 1
170110 3 1
172345 3 1
175771 3 2
176155 3 3
176252 3 1
176619 3 1
177118 3 1
177773 3 1
178242 3 1
178773 3 1
179240 3 1
179610 3 1
180975 3 1
183251 3 1
186427 3 1
186950 3 1
188410 3 1
189593 3 1
189960 3 1
191077 3 1
191575 3 1
191679 3 1
192137 3 1
193437 3 1
193885 3 1
194464 3 1
194611 3 1
195137 3 1
195771 3 1
196629 3 1
197219 3 1
198154 3 1
199123 3 1
199750 3 1
200054 3 1
200346 3 1
202907 3 1
203663 3 1
204486 3 1
205367 3 1
206133 3 1
207221 3 1
208006 3 1
209005 3 1
209840 3 1
210352 3 1
210767 3 1
211523 3 1
212333 3 2
214151 3 3
214230 3 1
214684 3 1
215641 3 1
215841 3 2
217229 3 3
219796 3 1
223237 3 1
224856 3 1
225453 3 2
226064 3 3
226996 3 1
228366 3 1
228867 3 1
231598 3 1
234654 3 1
235739 3 1
236667 3 1
237442 3 1
240418 3 1
241024 3 1
241357 3 1
242318 3 1
243276 3 2
243834 3 3
243956 3 2
244336 3 3
244468 3 1
244921 3 1
245401 3 1
246366 3 1
246889 3 1
247325 3 1
251290 3 1
251880 3 1
252258 3 1
252839 3 1
253184 3 1
253684 3 1
255455 3 1
255908 3 1
256424 3 1
257012 3 1
258599 3 1
