3287 0 1
11724 0 1
20101 0 1
26457 0 1
26733 0 1
30932 0 1
38692 0 1
41115 0 1
43528 0 1
44724 0 1
45865 0 1
55501 0 1
57339 0 1
62929 0 1
66309 0 1
70497 0 1
72928 0 1
76509 0 1
80684 0 1
81301 0 1
81904 0 1
82495 0 1
92106 0 1
98702 0 1
103490 0 1
108909 0 1
109228 0 1
9344 1 1
10247 1 1
14117 1 1
15048 1 1
18935 1 1
23670 1 1
28533 1 1
29430 1 1
33307 1 1
34213 1 1
38122 1 1
40499 1 1
42914 1 1
45041 1 1
48281 1 1
50694 1 1
53106 1 1
54014 1 1
59103 1 1
64593 1 1
68722 1 1
72315 1 1
73552 1 1
77131 1 1
79513 1 1
85475 1 1
86085 1 1
86686 1 1
87323 1 1
91503 1 1
92697 1 1
95708 1 1
98101 1 1
101131 1 1
102015 1 1
105892 1 1
106840 1 1
8163 2 1
16544 2 1
21346 2 1
24916 2 1
35723 2 1
37481 2 1
39909 2 1
42298 2 1
44124 2 1
47088 2 1
49523 2 1
57919 2 1
60318 2 1
65117 2 1
69917 2 1
71669 2 1
74130 2 1
77686 2 1
78890 2 1
87882 2 1
88507 2 1
89063 2 1
89691 2 1
90889 2 1
93299 2 1
96301 2 1
97471 2 1
5731 3 1
12971 3 1
17715 3 1
22492 3 1
27357 3 1
32105 3 1
36932 3 1
39283 3 1
41740 3 1
45338 3 1
51918 3 1
56693 3 1
63914 3 1
67497 3 1
71111 3 1
74711 3 1
75883 3 1
78342 3 1
83077 3 1
83698 3 1
84290 3 1
84891 3 1
90304 3 1
93869 3 1
95078 3 1
96858 3 1
99850 3 1
104700 3 1
109504 3 1
