1565 0 2
7665 0 3
12534 0 2
16025 0 3
23237 0 1
30255 0 1
33005 0 1
34534 0 2
37085 0 3
40085 0 1
40245 0 1
40425 0 1
40586 0 1
44665 0 1
45555 0 2
47005 0 3
48005 0 2
49516 0 3
50705 0 2
52134 0 3
53455 0 2
54966 0 3
55876 0 2
56925 0 3
58945 0 1
59626 0 1
60325 0 1
61004 0 1
62745 0 2
64138 0 3
66892 0 1
67215 0 1
70955 0 2
71845 0 3
78525 0 1
79576 0 1
80969 0 1
82315 0 1
86445 0 1
89185 0 1
89537 0 2
92324 0 3
96345 0 1
100858 0 1
101934 0 1
106044 0 2
111619 0 3
113965 0 1
116995 0 1
119024 0 1
122505 0 1
124605 0 1
126665 0 1
129419 0 1
129755 0 1
130094 0 1
130464 0 1
130847 0 1
131165 0 1
131458 0 1
131846 0 1
132196 0 1
136252 0 1
136975 0 1
138355 0 1
139035 0 2
141812 0 3
143494 0 1
146248 0 1
146936 0 1
149974 0 1
150334 0 1
150696 0 1
152777 0 1
153015 0 1
153255 0 1
153455 0 1
155485 0 2
157315 0 3
23445 1 1
24784 1 1
24919 1 1
25795 1 1
26315 1 1
27163 1 1
27526 1 1
28388 1 1
29895 1 1
30405 1 1
32672 1 1
33186 1 1
41405 1 1
41556 1 1
41715 1 1
41903 1 1
42820 1 2
44300 1 3
44515 1 1
44835 1 1
64454 1 1
72996 1 1
75766 1 1
76454 1 1
83674 1 1
85056 1 1
87805 1 1
92925 1 1
95675 1 1
97747 1 1
101235 1 1
102616 1 1
102956 1 1
114095 1 1
117688 1 1
119744 1 2
122227 1 3
122866 1 1
124234 1 1
124964 1 1
126325 1 1
127026 1 1
136625 1 1
137636 1 1
138705 1 1
142118 1 1
144845 1 1
147085 1 1
15637 2 2
22955 2 3
23565 2 1
27674 2 1
28524 2 1
29034 2 1
31305 2 1
31824 2 1
42125 2 1
42310 2 1
42475 2 1
42645 2 1
44355 2 1
64785 2 1
67525 2 2
70003 2 3
72315 2 1
78885 2 1
80254 2 1
81632 2 1
82985 2 1
85735 2 1
87105 2 1
93595 2 1
94976 2 1
100476 2 1
101545 2 1
114235 2 1
116995 2 1
123205 2 1
123911 2 1
125287 2 1
126003 2 1
127385 2 1
128055 2 1
128375 2 1
128725 2 1
129065 2 1
130965 2 1
131315 2 1
131646 2 1
132020 2 1
137295 2 1
142781 2 1
145504 2 1
147268 2 1
148594 2 1
7385 3 2
12604 3 3
24414 3 1
28695 3 1
37006 3 2
39765 3 3
40781 3 1
40905 3 1
41064 3 1
41240 3 1
46926 3 2
48024 3 3
49349 3 2
50744 3 3
52115 3 2
53455 3 3
54856 3 2
55686 3 3
56896 3 2
58345 3 3
61725 3 1
62385 3 1
65165 3 2
66586 3 3
73705 3 2
74798 3 3
84355 3 1
88465 3 1
94256 3 1
102245 3 1
102956 3 2
105785 3 3
115597 3 1
117688 3 1
123564 3 1
125644 3 1
127716 3 1
133474 3 2
135965 3 3
137987 3 1
144165 3 1
151347 3 1
151716 3 1
152086 3 1
153805 3 1
154055 3 1
154357 3 1
154465 3 1
