1207 0 2
1465 0 3
1565 0 2
7837 0 3
21149 0 2
23375 0 3
23955 0 1
24107 0 1
24265 0 1
28005 0 1
28155 0 1
28339 0 1
32165 0 1
32317 0 1
32485 0 1
34535 0 1
35225 0 1
35965 0 1
36245 0 1
36616 0 1
39050 0 1
40085 0 2
41156 0 3
42844 0 2
44335 0 3
45505 0 1
46915 0 1
47825 0 1
47975 0 1
49355 0 2
49585 0 3
50045 0 1
50320 0 1
50831 0 1
51395 0 1
52075 0 1
52769 0 1
53465 0 1
55523 0 1
56899 0 1
59615 0 1
61675 0 1
62415 0 1
64624 0 1
65135 0 1
66538 0 1
67875 0 1
71995 0 1
76105 0 1
80215 0 1
84056 0 2
84496 0 3
85385 0 1
88476 0 1
89540 0 2
93116 0 3
94315 0 2
95205 0 3
98434 0 2
100665 0 3
101185 0 1
102565 0 1
103258 0 1
105962 0 2
106727 0 3
110106 0 2
111135 0 3
115605 0 1
130035 0 2
130915 0 3
135746 0 1
136105 0 2
136409 0 3
137305 0 1
138685 0 1
139085 0 2
139886 0 3
144475 0 2
145444 0 3
146845 0 1
147075 0 1
148616 0 2
150185 0 3
152117 0 2
152946 0 3
153545 0 1
155085 0 1
7735 1 2
10439 1 3
19135 1 2
21154 1 3
23575 1 1
24645 1 1
24785 1 1
24973 1 1
27319 1 1
27474 1 1
27645 1 1
28725 1 1
28875 1 1
29064 1 1
31475 1 1
31624 1 1
31774 1 1
32855 1 1
33015 1 1
33116 1 1
33236 1 1
34925 1 1
37317 1 1
37645 1 1
37995 1 1
38664 1 1
39407 1 1
41065 1 2
41815 1 3
45855 1 1
46205 1 1
47626 1 1
48127 1 1
48644 1 1
49004 1 1
52075 1 1
54145 1 1
56215 1 1
56899 1 1
57575 1 1
58946 1 1
59615 1 1
60325 1 1
61675 1 1
63084 1 1
63445 1 2
64447 1 3
65825 1 1
66904 1 2
67746 1 3
68645 1 1
71303 1 1
72685 1 1
75412 1 1
76804 1 1
79526 1 1
80925 1 1
83645 1 1
85052 1 1
86125 1 1
93670 1 2
94334 1 3
95685 1 2
97965 1 3
101885 1 1
102646 1 1
103466 1 1
103972 1 1
106676 1 2
107491 1 3
108745 1 2
109565 1 3
111521 1 1
116978 1 1
119715 1 1
121466 1 2
122704 1 3
123835 1 1
124555 1 1
127995 1 2
128775 1 3
131445 1 2
132196 1 3
132765 1 1
135925 1 1
136515 1 1
137991 1 1
141066 1 2
142046 1 3
146566 1 1
150690 1 2
151505 1 3
153295 1 1
153801 1 1
154835 1 1
155335 1 2
157965 1 3
9935 2 2
12765 2 3
15665 2 2
19225 2 3
23565 2 1
25331 2 1
25483 2 1
25636 2 1
26635 2 1
26809 2 1
26975 2 1
29435 2 1
29574 2 1
29767 2 1
30787 2 1
30941 2 1
31095 2 1
35545 2 1
37317 2 1
37995 2 1
38316 2 1
38664 2 1
39407 2 1
41752 2 2
42535 2 3
45505 2 1
46565 2 1
46915 2 1
48236 2 1
51395 2 1
52769 2 1
54860 2 1
55523 2 1
57575 2 1
58255 2 1
58946 2 1
60325 2 1
61030 2 1
63744 2 1
65825 2 1
69215 2 1
70636 2 1
73372 2 1
74749 2 1
77476 2 1
78885 2 1
81585 2 1
82960 2 1
84365 2 1
85385 2 1
87448 2 2
88545 2 3
89165 2 1
92966 2 2
93845 2 3
100474 2 1
101185 2 1
102565 2 1
103636 2 1
103945 2 1
107365 2 2
108103 2 3
109434 2 2
110406 2 3
110816 2 2
111784 2 3
114019 2 1
117665 2 1
119045 2 1
122505 2 1
123165 2 1
128685 2 2
129454 2 3
132126 2 2
132974 2 3
135925 2 1
136525 2 1
137305 2 1
145145 2 2
146635 2 3
147731 2 2
148655 2 3
151375 2 2
152219 2 3
153005 2 1
154065 2 1
154585 2 1
12734 3 2
15705 3 3
23264 3 1
23415 3 1
26045 3 1
26175 3 1
26305 3 1
30125 3 1
30278 3 1
30431 3 1
33196 3 1
33295 3 1
34535 3 1
35225 3 1
35965 3 1
36616 3 1
36959 3 1
39745 3 1
42445 3 2
42935 3 3
44215 3 1
46205 3 1
47265 3 1
47626 3 1
48644 3 1
49147 3 1
49535 3 2
49810 3 3
50576 3 1
50831 3 1
53465 3 1
54145 3 1
54860 3 1
56237 3 1
58255 3 1
61030 3 1
62415 3 2
63595 3 3
64499 3 2
64856 3 3
65135 3 1
66538 3 1
67564 3 1
69955 3 1
74035 3 1
78225 3 1
82304 3 1
84695 3 2
85153 3 3
86125 3 1
86785 3 2
87504 3 3
89540 3 2
92766 3 3
95056 3 1
97774 3 1
99875 3 2
100454 3 3
101885 3 1
103274 3 1
103819 3 1
108035 3 2
108895 3 3
113715 3 1
114235 3 1
119715 3 1
125241 3 1
125905 3 1
129375 3 2
130264 3 3
130755 3 2
131717 3 3
133503 3 1
135746 3 1
136105 3 2
136409 3 3
137991 3 1
138685 3 1
139724 3 2
141235 3 3
141745 3 2
144621 3 3
147274 3 2
147680 3 3
149975 3 2
150865 3 3
152795 3 1
154326 3 1
154835 3 2
155515 3 3
