4719 0 1
10049 0 1
11228 0 1
14511 0 1
15100 0 1
16879 0 1
17470 0 1
19270 0 1
20479 0 1
21652 0 1
23745 0 1
25171 0 1
25789 0 1
27262 0 1
28450 0 1
29219 0 1
31139 0 1
31771 0 1
33189 0 1
33969 0 1
35881 0 1
36520 0 1
37789 0 1
39400 0 1
40089 0 1
42430 0 2
42889 0 3
45090 0 1
46868 0 1
50430 0 1
51649 0 1
52228 0 1
53429 0 1
54620 0 1
55823 0 1
56699 0 1
61450 0 2
61900 0 3
64135 0 1
64595 0 1
67660 0 1
68539 0 1
73649 0 1
76890 0 1
80739 0 1
81527 0 1
83369 0 1
84030 0 1
85309 0 1
86899 0 1
87519 0 1
89049 0 1
89489 0 1
89760 0 1
90049 0 1
91629 0 1
92370 0 1
93789 0 1
95020 0 1
95788 0 1
97559 0 1
98240 0 1
98569 0 2
99000 0 3
99769 0 1
100359 0 1
100969 0 1
101540 0 1
104380 0 1
104785 0 1
105410 0 1
106008 0 1
106589 0 1
107149 0 1
107743 0 1
108389 0 1
108969 0 1
111671 0 1
112259 0 1
112844 0 1
113440 0 1
114280 0 1
114899 0 1
115528 0 1
116079 0 1
116628 0 1
117259 0 1
117894 0 1
118470 0 1
119330 0 1
121719 0 1
123519 0 1
125859 0 1
128578 0 1
129730 0 1
130669 0 1
131869 0 1
133329 0 1
134520 0 1
135398 0 1
138630 0 1
5869 1 1
8239 1 1
12389 1 1
13600 1 1
15698 1 1
16296 1 1
18060 1 1
18650 1 1
19817 1 1
21039 1 1
22228 1 1
24050 1 1
24640 1 1
25069 1 1
26089 1 1
26854 1 1
27438 1 1
28028 1 1
29669 1 1
30389 1 1
30999 1 1
32320 1 1
32620 1 1
32924 1 1
34409 1 1
35128 1 1
35739 1 1
37070 1 1
37680 1 1
38249 1 1
38919 1 1
39298 1 1
40379 1 1
41090 1 1
41389 1 1
41830 1 2
42209 1 3
44789 1 1
46260 1 1
48338 1 1
49243 1 1
50140 1 1
51799 1 1
55924 1 1
56848 1 1
57578 1 1
58759 1 1
59928 1 1
60872 1 2
61240 1 3
66329 1 1
71224 1 1
71684 1 1
75714 1 1
77219 1 1
78110 1 1
81939 1 1
82700 1 1
83261 1 1
84610 1 1
85199 1 1
85811 1 1
86439 1 1
86848 1 1
87851 1 1
88617 1 1
89200 1 1
90503 1 1
91189 1 1
91579 1 1
92649 1 1
93358 1 1
93971 1 1
94549 1 1
96200 1 1
96981 1 1
97490 1 1
99180 1 2
99560 1 3
102149 1 1
102744 1 1
103339 1 1
103919 1 1
104785 1 1
105410 1 1
106008 1 1
106589 1 1
107149 1 1
107743 1 1
108389 1 1
109250 1 1
109870 1 1
110429 1 1
111039 1 1
113870 1 1
114280 1 1
114899 1 1
115528 1 1
116079 1 1
116619 1 1
117259 1 1
117894 1 1
118470 1 1
118812 1 1
121129 1 1
124116 1 1
126462 1 1
128247 1 1
129440 1 1
131001 1 1
132174 1 1
133010 1 1
134219 1 1
135744 1 1
136579 1 2
137839 1 3
7079 2 1
9420 2 1
10635 2 1
14206 2 1
14800 2 1
16578 2 1
17163 2 1
18950 2 1
20130 2 1
21320 2 1
22519 2 2
23199 2 3
24929 2 1
25630 2 1
26269 2 1
27589 2 1
28181 2 1
28758 2 1
29369 2 1
29811 2 1
30849 2 1
31559 2 1
32210 2 1
33535 2 1
34108 2 1
34555 2 1
35589 2 1
36341 2 1
36952 2 1
37520 2 1
39145 2 1
39910 2 1
40500 2 1
42154 2 2
42489 2 3
44940 2 1
46236 2 1
47459 2 1
49820 2 1
51049 2 1
51947 2 1
52779 2 1
53988 2 1
55170 2 1
56350 2 1
61150 2 2
61490 2 3
66226 2 1
68879 2 1
73299 2 1
74050 2 1
75816 2 1
79520 2 2
80510 2 3
81069 2 1
81638 2 1
82088 2 1
83119 2 1
83873 2 1
84460 2 1
85050 2 1
86689 2 1
87399 2 1
88019 2 1
89339 2 1
89636 2 1
89942 2 1
91439 2 1
92189 2 1
92799 2 1
94125 2 1
94720 2 1
95330 2 1
95890 2 1
96330 2 1
97359 2 1
98120 2 1
98409 2 1
98879 2 2
99230 2 3
100049 2 1
100679 2 1
101239 2 1
101829 2 1
102419 2 1
102999 2 1
103611 2 1
104223 2 1
106875 2 1
107469 2 1
108059 2 1
108639 2 1
109550 2 1
110150 2 1
110759 2 1
111365 2 1
111959 2 1
112559 2 1
113119 2 1
113989 2 1
114630 2 1
115241 2 1
115802 2 1
116414 2 1
118630 2 1
119020 2 1
119939 2 1
122301 2 1
125249 2 1
127649 2 1
128868 2 1
130040 2 1
131561 2 1
132736 2 1
133602 2 1
134808 2 1
136278 2 1
4719 3 1
11820 3 1
13009 3 1
15390 3 1
15999 3 1
17759 3 1
18389 3 1
19561 3 1
20759 3 1
21939 3 1
23745 3 1
24457 3 1
26408 3 1
26988 3 1
28333 3 1
29939 3 1
30588 3 1
32020 3 1
32489 3 1
32770 3 1
33060 3 1
34708 3 1
35320 3 1
36800 3 1
37973 3 1
38719 3 1
40639 3 1
41260 3 1
41519 3 2
41909 3 3
42769 3 1
46139 3 1
48708 3 1
49559 3 1
50773 3 1
52078 3 1
56249 3 1
57009 3 1
58199 3 1
59349 3 1
60569 3 2
60923 3 3
61750 3 1
62180 3 1
63789 3 1
66482 3 1
66899 3 1
75969 3 1
76399 3 1
78338 3 1
80739 3 1
82199 3 1
82853 3 1
84333 3 1
85519 3 1
86249 3 1
88159 3 1
88770 3 1
90229 3 1
91028 3 1
92928 3 1
93563 3 1
94860 3 1
96470 3 1
97109 3 1
99480 3 2
99889 3 3
100049 3 1
100679 3 1
101239 3 1
101829 3 1
102419 3 1
102999 3 1
103611 3 1
104530 3 1
105109 3 1
105710 3 1
106289 3 1
109139 3 1
109550 3 1
110150 3 1
110759 3 1
111365 3 1
111959 3 1
112559 3 1
113119 3 1
113712 3 1
116499 3 1
116959 3 1
117589 3 1
118201 3 1
119020 3 1
120597 3 1
122920 3 1
124709 3 1
127074 3 1
129140 3 1
130338 3 1
131218 3 1
132440 3 1
133908 3 1
135108 3 1
136000 3 1
138630 3 1
