4629 0 1
9389 0 1
14153 0 1
14766 0 1
18879 0 1
22469 0 2
23180 0 3
23690 0 1
25630 0 1
26959 0 1
29301 0 1
31189 0 1
31959 0 2
33023 0 3
34350 0 1
35500 0 1
37920 0 1
38949 0 1
41450 0 2
42255 0 3
42669 0 1
56870 0 1
58080 0 1
61660 0 1
68774 0 1
73517 0 2
74140 0 3
78289 0 1
79486 0 2
80459 0 3
80688 0 1
82649 0 1
83972 0 1
86370 0 1
88318 0 1
89000 0 2
89998 0 3
91369 0 1
92498 0 1
94969 0 1
95958 0 1
98509 0 2
99238 0 3
99709 0 1
100294 0 1
100889 0 2
102109 0 3
106798 0 2
107458 0 3
109199 0 1
109749 0 1
110392 0 2
111670 0 3
116289 0 1
117490 0 1
118929 0 1
119829 0 1
128192 0 2
130078 0 3
138579 0 1
10539 1 1
16509 1 1
17119 1 1
19469 1 1
21260 1 1
24870 1 1
28089 1 1
30473 1 1
33610 1 1
36310 1 1
37260 1 1
39959 1 1
40723 1 1
52149 1 1
53340 1 1
63989 1 1
77099 1 2
77630 1 3
81889 1 1
85196 1 1
87519 1 1
90654 1 1
93340 1 1
94329 1 1
97009 1 1
97744 1 1
104425 1 1
105037 1 1
108029 1 2
108660 1 3
113911 1 1
114498 1 1
118100 1 1
123429 1 1
124579 1 1
130570 1 2
132329 1 3
11760 2 1
17688 2 1
18284 2 1
20070 2 1
21869 2 1
25280 2 1
27770 2 1
30020 2 1
31509 2 1
33899 2 1
35959 2 1
37614 2 1
39519 2 1
41234 2 1
54508 2 1
55678 2 1
66400 2 1
75919 2 2
76425 2 3
82309 2 1
84810 2 1
87049 2 1
88579 2 1
90919 2 1
92969 2 1
94660 2 1
96549 2 1
98170 2 1
105579 2 1
106138 2 1
108610 2 2
109280 2 3
115088 2 1
115699 2 1
117799 2 1
125743 2 1
126950 2 1
132934 2 2
134731 2 3
4629 3 1
12950 3 2
14318 3 3
15330 3 1
15938 3 1
20660 3 1
22469 3 2
23149 3 3
24521 3 1
26048 3 1
28432 3 1
29630 3 1
30799 3 1
33200 3 1
34939 3 1
36709 3 1
38339 3 1
40269 3 1
42101 3 2
42819 3 3
59268 3 1
60461 3 2
61760 3 3
67558 3 1
71172 3 2
71732 3 3
78289 3 1
79486 3 2
80459 3 3
81575 3 1
83038 3 1
85453 3 1
86628 3 1
87849 3 1
90194 3 1
91949 3 1
93749 3 1
95358 3 1
97310 3 1
99121 3 2
99799 3 3
102109 3 1
102619 3 1
103269 3 2
104476 3 3
107433 3 2
108099 3 3
111568 3 1
112099 3 1
112739 3 2
113979 3 3
116901 3 1
118409 3 1
121028 3 1
122260 3 1
135310 3 2
137116 3 3
138579 3 1
