4750 0 1
9498 0 1
10449 0 1
11610 0 1
11869 0 1
12489 0 1
13209 0 1
14579 0 1
15750 0 1
16410 0 1
17221 0 1
17509 0 1
18549 0 1
19019 0 1
19909 0 1
21099 0 1
21979 0 1
22299 0 1
22988 0 1
23802 0 1
24465 0 1
25280 0 1
25849 0 1
26810 0 2
27019 0 3
27329 0 1
27599 0 1
28190 0 1
28850 0 1
29749 0 1
29972 0 1
30600 0 1
31718 0 1
32219 0 1
32528 0 1
32830 0 1
33119 0 1
33595 0 1
34490 0 1
34749 0 1
35649 0 1
36000 0 1
37012 0 1
37189 0 1
37739 0 1
38300 0 1
39209 0 1
39510 0 1
41009 0 1
41602 0 1
41970 0 1
42264 0 1
42571 0 1
42829 0 2
44839 0 3
47549 0 2
48400 0 3
49929 0 2
50375 0 3
51120 0 2
51870 0 3
52108 0 1
55300 0 1
56050 0 1
56495 0 1
56909 0 1
57639 0 1
58809 0 1
61058 0 1
61499 0 1
64180 0 1
64604 0 1
68632 0 1
71340 0 1
71459 0 1
71919 0 1
72050 0 1
73987 0 1
74559 0 1
76089 0 1
76232 0 1
76650 0 1
76792 0 1
78738 0 1
79343 0 1
80800 0 1
81509 0 1
82320 0 1
82914 0 1
83849 0 1
84400 0 1
84647 0 1
85280 0 1
85829 0 1
86438 0 1
87400 0 2
87604 0 3
87978 0 1
88219 0 1
88789 0 1
89289 0 1
89542 0 1
89859 0 1
90159 0 1
90579 0 1
91490 0 1
91800 0 1
92709 0 1
93063 0 1
93988 0 1
94169 0 1
94749 0 1
95320 0 1
96278 0 1
96534 0 1
97150 0 1
97709 0 1
98318 0 1
98800 0 1
99083 0 1
99369 0 1
99695 0 1
100154 0 1
100920 0 1
101309 0 1
101685 0 1
101908 0 1
102278 0 1
102509 0 1
102859 0 1
103368 0 1
103840 0 1
104340 0 1
104847 0 1
105529 0 1
106326 0 1
107092 0 1
107770 0 1
108130 0 1
109510 0 1
109829 0 1
110069 0 1
110429 0 1
110879 0 1
111786 0 1
112009 0 1
113330 0 1
113850 0 1
114250 0 1
114744 0 1
115839 0 1
116427 0 1
117091 0 1
117860 0 1
118290 0 1
119719 0 1
120929 0 1
121189 0 1
122420 0 1
122668 0 1
124519 0 1
125679 0 1
125969 0 1
127199 0 1
127460 0 1
128389 0 1
128973 0 1
129859 0 1
130739 0 1
131474 0 1
132208 0 1
133109 0 1
133800 0 1
134560 0 1
135502 0 1
136190 0 1
136981 0 1
138715 0 1
5930 1 1
8328 1 1
10881 1 1
11310 1 1
12179 1 1
12938 1 1
13678 1 2
14379 1 3
15040 1 1
15470 1 1
16330 1 1
16819 1 1
17833 1 1
18139 1 1
19630 1 1
20360 1 1
20819 1 1
21608 1 1
22889 1 1
23319 1 1
23802 1 1
24380 1 1
24974 1 1
25849 1 1
26351 1 1
26518 1 1
26919 1 1
27899 1 1
28391 1 1
28850 1 1
29330 1 1
30600 1 1
31094 1 1
31209 1 1
31655 1 1
33595 1 1
34060 1 1
35199 1 1
35838 1 1
36509 1 1
37470 1 1
37930 1 1
38300 1 1
38900 1 1
39918 1 1
40448 1 1
40735 1 1
41149 1 1
41704 1 1
42010 1 1
42300 1 1
42589 1 1
45071 1 1
46350 1 2
47139 1 3
48742 1 2
49490 1 3
50290 1 2
50600 1 3
51958 1 1
52889 1 1
54099 1 1
54980 1 1
57361 1 1
58569 1 1
60029 1 1
60932 1 1
61492 1 1
66569 1 1
67000 1 1
72489 1 1
72610 1 1
73069 1 1
73180 1 1
75161 1 1
75772 1 1
77230 1 1
77354 1 1
77812 1 1
77928 1 1
80800 1 1
81433 1 1
82045 1 1
82914 1 1
83379 1 1
83599 1 1
83959 1 1
84969 1 1
85420 1 1
85839 1 1
86438 1 1
86920 1 1
87146 1 1
88789 1 1
90579 1 1
91074 1 1
92180 1 1
92869 1 1
93573 1 1
94493 1 1
94952 1 1
95320 1 1
95940 1 1
97150 1 1
97609 1 1
98063 1 1
98522 1 1
98827 1 1
99109 1 1
99399 1 1
99729 1 1
100170 1 1
101940 1 1
103350 1 1
103740 1 1
106326 1 1
106809 1 1
107430 1 1
108240 1 1
108630 1 1
108930 1 1
109370 1 1
111259 1 1
112400 1 1
112770 1 1
113220 1 1
113673 1 1
114184 1 1
114693 1 1
115059 1 1
115458 1 1
115899 1 1
116499 1 1
116810 1 1
117310 1 1
117600 1 1
118220 1 1
118620 1 1
120209 1 1
120629 1 1
121681 1 1
122089 1 1
123548 1 1
125000 1 1
125359 1 1
126450 1 1
126883 1 1
128339 1 1
128922 1 1
129410 1 1
129941 1 1
130430 1 1
130820 1 1
131321 1 1
131800 1 1
132299 1 1
132819 1 1
133219 1 1
133717 1 1
134179 1 1
134670 1 1
135200 1 1
135610 1 1
136079 1 1
136574 1 1
137083 1 1
137569 1 1
7130 2 1
10700 2 1
11409 2 1
12339 2 1
12789 2 1
14263 2 1
14880 2 1
15589 2 1
16252 2 1
17348 2 1
18394 2 1
18730 2 1
19771 2 1
20180 2 1
20945 2 1
22118 2 1
22739 2 1
23190 2 1
23569 2 1
24089 2 1
24680 2 1
25149 2 1
25280 2 1
25719 2 1
27020 2 1
27479 2 1
27609 2 1
28086 2 1
28520 2 1
29420 2 1
29899 2 1
30029 2 1
30482 2 1
31459 2 1
32065 2 1
32378 2 1
32679 2 1
32960 2 1
33220 2 1
33410 2 1
34207 2 1
34665 2 1
34779 2 1
35389 2 1
35960 2 1
36480 2 1
36870 2 1
37130 2 1
37572 2 1
38031 2 1
38779 2 1
39408 2 1
39529 2 1
40149 2 1
41329 2 1
41760 2 1
42090 2 1
42390 2 1
42679 2 1
44929 2 1
46957 2 2
47680 2 3
48448 2 2
48799 2 3
50527 2 2
50782 2 3
51802 2 1
52569 2 1
53791 2 1
54670 2 1
55882 2 1
56342 2 1
56769 2 1
59401 2 1
60778 2 1
61299 2 1
66289 2 1
67728 2 1
71591 2 1
72180 2 1
73680 2 1
73800 2 1
74309 2 1
74409 2 1
76350 2 1
76929 2 1
78449 2 1
78559 2 1
79049 2 1
79189 2 1
80499 2 1
81110 2 1
81739 2 1
82198 2 1
82300 2 1
82759 2 1
84089 2 1
84545 2 1
84670 2 1
85130 2 1
85565 2 1
86328 2 1
87609 2 1
88114 2 1
88689 2 1
89109 2 1
89440 2 1
89729 2 1
90009 2 1
90308 2 1
91209 2 1
91710 2 1
91810 2 1
92430 2 1
92969 2 1
93389 2 1
93930 2 1
94169 2 1
94629 2 1
95104 2 1
95829 2 1
96432 2 1
96534 2 1
96992 2 1
97459 2 1
98179 2 1
98726 2 1
99048 2 1
99359 2 1
99619 2 1
99910 2 1
100290 2 1
100669 2 1
101259 2 1
101999 2 1
102654 2 1
103164 2 1
103500 2 1
104032 2 1
104258 2 1
104643 2 1
104929 2 1
105369 2 1
106549 2 1
107630 2 1
108438 2 1
108878 2 1
109693 2 1
110289 2 1
110714 2 1
111582 2 1
112330 2 1
112704 2 1
113011 2 1
113572 2 1
115119 2 1
115529 2 1
116071 2 1
116329 2 1
116630 2 1
117091 2 1
118589 2 1
120028 2 1
120762 2 1
121499 2 1
122241 2 1
122989 2 2
123628 2 3
124759 2 1
125529 2 1
126270 2 1
127036 2 1
127750 2 2
128463 2 3
128749 2 1
129229 2 1
129636 2 1
130149 2 1
130580 2 1
131100 2 1
131600 2 1
131983 2 1
132509 2 1
132929 2 1
133480 2 1
133972 2 1
134380 2 1
134870 2 1
135320 2 1
135869 2 1
136369 2 1
136759 2 1
137249 2 1
137720 2 1
4750 3 1
10109 3 1
10969 3 1
11713 3 1
13069 3 1
13359 3 1
15200 3 1
16099 3 1
16659 3 1
16949 3 1
18019 3 1
19280 3 1
20499 3 1
21404 3 1
21679 3 1
22599 3 1
23508 3 1
24089 3 1
24680 3 1
25558 3 1
26148 3 1
26409 3 1
26709 3 1
27028 3 1
28170 3 1
29140 3 1
29420 3 1
30330 3 1
30941 3 1
31180 3 1
31789 3 1
32378 3 1
32679 3 1
32960 3 1
33210 3 1
33410 3 1
33880 3 1
34207 3 1
35098 3 1
35389 3 1
36310 3 1
36630 3 1
37739 3 1
38643 3 1
38950 3 1
39869 3 1
40149 3 1
40598 3 1
40739 3 1
41470 3 1
41839 3 1
42130 3 1
42419 3 1
42679 3 1
45223 3 2
46160 3 3
49371 3 2
50067 3 3
50740 3 2
51260 3 3
51719 3 1
52279 3 1
53489 3 1
57069 3 1
58229 3 1
59739 3 1
60625 3 1
61219 3 1
61809 3 1
62206 3 1
63889 3 1
66418 3 1
68940 3 1
72769 3 1
73339 3 1
74859 3 1
74988 3 1
75480 3 1
75590 3 1
77529 3 1
78139 3 1
79618 3 2
80580 3 3
81110 3 1
81739 3 1
82629 3 1
83169 3 1
83429 3 1
84089 3 1
85269 3 1
86176 3 1
86737 3 1
87045 3 1
87630 3 1
88573 3 1
89440 3 1
89729 3 1
90009 3 1
90308 3 1
90940 3 1
91209 3 1
92120 3 1
92430 3 1
93389 3 1
93590 3 1
94799 3 1
95679 3 1
96025 3 1
96839 3 1
97789 3 1
98339 3 1
98675 3 1
98999 3 1
99309 3 1
99619 3 1
99910 3 1
100308 3 1
101123 3 1
101640 3 1
102050 3 1
103130 3 1
103450 3 1
104110 3 1
104500 3 1
105339 3 1
105663 3 1
105867 3 1
106019 3 1
106479 3 1
107060 3 1
107280 3 1
107890 3 1
108429 3 1
109090 3 1
109619 3 1
110000 3 1
110489 3 1
111089 3 1
111531 3 1
112194 3 1
112602 3 1
112960 3 1
114010 3 1
114399 3 1
115764 3 1
115999 3 1
116280 3 1
116886 3 1
117300 3 1
117652 3 1
118030 3 1
118369 3 1
118779 3 1
119189 3 1
119448 3 1
120318 3 1
121068 3 1
121800 3 1
122549 3 1
124149 3 1
125069 3 1
125829 3 1
126576 3 1
127319 3 1
128688 3 1
129558 3 1
130210 3 1
131064 3 1
131932 3 1
132670 3 1
133429 3 1
134309 3 1
134992 3 1
135810 3 1
136675 3 1
137369 3 1
138715 3 1
