2976 0 2
3423 0 3
6841 0 1
7799 0 1
8576 0 1
9147 0 1
9855 0 1
10435 0 1
12052 0 1
12643 0 1
13243 0 1
3271 1 2
3792 1 3
6413 1 1
7362 1 1
8105 1 1
8882 1 1
9603 1 1
10162 1 1
11681 1 1
12393 1 1
12905 1 1
3725 2 2
3998 2 3
5754 2 1
6512 2 1
7026 2 1
7264 2 1
7668 2 1
7953 2 1
8455 2 1
8981 2 1
9451 2 1
9975 2 1
10620 2 1
11497 2 1
12282 2 1
12774 2 1
13243 2 1
4063 3 2
4526 3 3
6164 3 1
6699 3 1
7482 3 1
8237 3 1
8728 3 1
9234 3 1
9735 3 1
10283 3 1
10972 3 1
11899 3 1
12097 3 1
12544 3 1
13046 3 1
