1363 0 1
3193 0 1
4183 0 1
4633 0 1
6084 0 1
7885 0 1
8905 0 1
9313 0 1
10842 0 1
12594 0 1
13674 0 1
14107 0 1
15585 0 1
17343 0 1
18413 0 1
18823 0 1
19573 0 1
20303 0 1
21484 0 1
22694 0 1
24154 0 2
24562 0 3
24773 0 1
25084 0 1
26524 0 1
27373 0 1
28034 0 2
28285 0 3
29464 0 1
29764 0 1
30964 0 1
32467 0 1
32742 0 1
33354 0 1
34483 0 1
35679 0 1
36263 0 1
37194 0 1
38923 0 1
41504 0 2
42311 0 3
42444 0 2
42694 0 3
43363 0 1
43972 0 2
44613 0 3
44723 0 2
44973 0 3
45754 0 1
46304 0 2
47074 0 3
47824 0 1
48584 0 1
49813 0 2
50704 0 3
51663 0 1
52205 0 1
52633 0 1
52993 0 1
54705 0 2
55333 0 3
56388 0 1
56953 0 1
57543 0 2
57972 0 3
58453 0 1
59347 0 1
59654 0 1
60164 0 1
61104 0 1
61673 0 1
62263 0 1
62893 0 1
63193 0 1
64064 0 1
64346 0 1
64863 0 1
65826 0 1
66394 0 1
69103 0 1
69974 0 1
71144 0 1
72355 0 1
72916 0 1
73793 0 1
74103 0 1
74548 0 1
75132 0 1
75568 0 1
77073 0 1
77506 0 1
78404 0 1
78854 0 2
79274 0 3
80034 0 1
80473 0 1
81483 0 1
81643 0 1
81953 0 1
82533 0 1
82973 0 1
84303 0 1
85793 0 1
86534 0 1
87264 0 1
87714 0 1
88643 0 1
89031 0 1
91754 0 1
92614 0 1
93060 0 2
93443 0 3
93623 0 1
94192 0 1
94642 0 1
95034 0 1
95664 0 1
95968 0 1
96543 0 1
97094 0 2
97906 0 3
98643 0 2
98853 0 3
99231 0 2
99538 0 3
99814 0 2
100558 0 3
103634 0 1
104214 0 1
104843 0 1
105433 0 1
106015 0 1
106584 0 2
107504 0 3
108667 0 2
109133 0 3
110146 0 2
111293 0 3
112237 0 2
112623 0 3
113694 0 2
115073 0 3
115305 0 1
115756 0 1
119044 0 1
120043 0 1
120483 0 1
123104 0 1
124744 0 1
125203 0 1
125813 0 1
127853 0 1
129493 0 1
129953 0 1
131434 0 1
133630 0 1
133826 0 2
139360 0 3
1513 1 1
1934 1 1
2585 1 1
3503 1 1
4043 1 1
4494 1 1
4753 1 1
6273 1 1
6712 1 1
7273 1 1
8203 1 1
8773 1 1
9213 1 1
9474 1 1
11003 1 1
11482 1 1
12044 1 1
12943 1 1
13495 1 1
13923 1 1
14192 1 1
15743 1 1
16172 1 1
16774 1 1
17677 1 1
18264 1 1
18663 1 1
18963 1 1
19360 1 1
20176 1 1
20653 1 1
23263 1 1
25654 1 1
26856 1 1
30074 1 1
31294 1 1
34234 1 1
35425 1 1
36574 1 1
38493 1 1
39224 1 2
39964 1 3
43674 1 1
48075 1 1
49723 1 1
52073 1 1
52524 1 1
53293 1 1
56388 1 1
57113 1 1
58753 1 1
59204 1 1
59934 1 1
60534 1 1
60826 1 1
61354 1 1
61932 1 1
62714 1 1
63480 1 1
63913 1 1
64654 1 1
65265 1 1
65524 1 1
66033 1 1
66613 1 1
66999 1 1
68804 1 1
69397 1 1
70315 1 1
70876 1 1
73074 1 1
73483 1 1
74244 1 1
75423 1 1
75704 1 1
77634 1 1
78118 1 1
78577 1 1
79752 1 1
80173 1 1
80617 1 1
82074 1 1
82657 1 1
83474 1 1
84653 1 1
85083 1 1
85593 1 1
85920 1 1
86534 1 1
86863 1 1
87400 1 1
88215 1 1
89393 1 1
89823 1 1
90333 1 2
90615 1 3
90934 1 1
91174 1 1
91494 1 1
91864 1 1
92314 1 1
92724 1 1
93953 1 1
94353 1 1
94744 1 1
95374 1 1
96864 1 1
98008 1 2
98467 1 3
99693 1 1
100734 1 2
101943 1 3
102164 1 1
104233 1 1
104843 1 1
115145 1 1
115583 1 1
115863 1 1
118409 1 1
119893 1 1
120346 1 1
120602 1 1
124593 1 1
125053 1 1
125343 1 1
129343 1 1
129803 1 1
130052 1 1
132033 1 1
133483 1 1
1634 2 1
2074 2 1
2354 2 1
3855 2 1
4343 2 1
4882 2 1
6383 2 1
6792 2 1
7103 2 1
8623 2 1
9058 2 1
9653 2 1
10536 2 1
11123 2 1
11608 2 1
11864 2 1
13354 2 1
13814 2 1
14383 2 1
15873 2 1
16323 2 1
16613 2 1
18114 2 1
18522 2 1
19113 2 1
19933 2 1
21154 2 1
21764 2 1
22963 2 1
24868 2 1
25294 2 1
26264 2 1
29183 2 2
29560 2 3
30634 2 1
32144 2 1
33613 2 1
34783 2 1
35953 2 1
36263 2 1
36853 2 1
37734 2 1
38493 2 1
43792 2 1
47334 2 1
47782 2 1
48703 2 2
49373 2 3
52322 2 1
52818 2 1
53443 2 2
54073 2 3
56063 2 1
56643 2 1
57233 2 1
58453 2 1
58954 2 1
59924 2 1
60367 2 1
61104 2 1
61524 2 1
62101 2 1
62483 2 1
62893 2 1
63193 2 1
63693 2 1
64654 2 1
65074 2 1
65826 2 1
66253 2 1
66744 2 1
67873 2 1
68463 2 1
69663 2 1
70534 2 1
71134 2 1
71774 2 1
72014 2 1
72174 2 1
72559 2 1
73222 2 1
73662 2 1
74834 2 1
75272 2 1
77354 2 1
77984 2 1
78694 2 1
79855 2 1
80313 2 1
80933 2 2
81203 2 3
81793 2 1
82402 2 1
82833 2 1
83304 2 1
84464 2 1
84913 2 1
85359 2 1
86176 2 1
86687 2 1
87124 2 1
87574 2 1
88033 2 1
89203 2 1
89652 2 1
90073 2 1
91604 2 1
92154 2 1
92883 2 1
94052 2 1
94492 2 1
95101 2 1
95664 2 1
96275 2 1
97447 2 1
101584 2 2
101863 2 3
104543 2 1
105103 2 1
105709 2 1
107214 2 2
107646 2 3
107963 2 2
108363 2 3
109864 2 1
111043 2 2
111333 2 3
115022 2 1
115434 2 1
116062 2 1
116953 2 1
117244 2 1
119792 2 1
120192 2 1
120783 2 1
121672 2 1
122564 2 1
124443 2 1
124913 2 1
125503 2 1
126415 2 1
126704 2 1
129193 2 1
129653 2 1
130239 2 1
131158 2 1
132333 2 1
1816 3 1
2234 3 1
3733 3 1
5504 3 1
6559 3 1
6966 3 1
8497 3 1
10093 3 1
11303 3 1
11760 3 1
13224 3 1
14994 3 1
16044 3 1
16473 3 1
17944 3 1
19733 3 1
20343 3 1
20873 3 1
22074 3 1
22333 3 1
23563 3 1
23863 3 2
24204 3 3
24523 3 1
25020 3 1
25939 3 1
27084 3 1
27803 3 2
28043 3 3
28591 3 2
28947 3 3
29774 3 1
30377 3 1
31564 3 1
31862 3 1
33042 3 1
33913 3 1
34483 3 1
35073 3 1
35679 3 1
36853 3 1
37194 3 2
37544 3 3
38027 3 1
38923 3 1
39863 3 1
40321 3 2
41174 3 3
41597 3 1
42684 3 2
42974 3 3
43144 3 1
43463 3 1
43972 3 1
45043 3 2
45844 3 3
46914 3 1
48228 3 1
49463 3 1
50421 3 1
50933 3 2
51747 3 3
53123 3 1
54604 3 1
55521 3 2
55904 3 3
56643 3 1
57392 3 1
57883 3 2
58153 3 3
58753 3 1
59324 3 1
59654 3 1
60504 3 1
60826 3 1
61673 3 1
62263 3 1
63464 3 1
64064 3 1
64346 3 1
65265 3 1
65524 3 1
66402 3 1
66999 3 2
67774 3 3
68193 3 1
68804 3 1
69974 3 1
71463 3 1
72325 3 1
72794 3 1
73994 3 1
74414 3 1
74664 3 1
75903 3 2
77203 3 3
77834 3 1
78234 3 1
79523 3 1
80782 3 1
81343 3 1
81793 3 1
82254 3 1
83144 3 1
83604 3 2
83983 3 3
84152 3 1
84754 3 1
85207 3 1
86353 3 1
86974 3 1
87864 3 1
88332 3 2
88692 3 3
88894 3 1
89502 3 1
89953 3 1
90644 3 1
91276 3 1
92024 3 1
92464 3 1
93753 3 1
94803 3 1
95374 3 1
95968 3 2
97395 3 3
98926 3 2
99130 3 3
100184 3 1
100734 3 1
101833 3 2
102884 3 3
103924 3 2
104213 3 3
104543 3 1
105103 3 1
105433 3 2
106684 3 3
107762 3 1
108973 3 1
109534 3 1
110024 3 1
111383 3 2
112323 3 3
112914 3 2
113584 3 3
114853 3 1
119654 3 1
121978 3 1
124324 3 1
129066 3 1
132894 3 1
